23
40
57
74
91
108
125
142
159
176
193
210
227
244
261
278
295
312
329
346
363
380
397
414
431
448
465
482
499
516
533
550
567
584
601
618
635
652
669
686
703
720
737
754
771
788
805
822
839
856
873
890
907
924
941
958
975
992
1009
1026
1043
1060
1077
1094
1111
1128
1145
1162
1179
1196
1213
1230
1247
1264
1281
1298
1315
1332
1349
1366
1383
1400
1417
1434
1451
1468
1485
1502
1519
1536
1553
1570
1587
1604
1621
1638
1655
1672
1689
1706
1723
1740
1757
1774
1791
1808
1825
1842
1859
1876
1893
1910
1927
1944
1961
1978
1995
2012
2029
2046
2063
2080
2097
2114
2131
2148
2165
2182
2199
2216
2233
2250
2267
2284
2301
2318
2335
2352
2369
2386
2403
2420
2437
2454
2471
2488
2505
2522
2539
2556
2573
2590
2607
2624
2641
2658
2675
2692
2709
2726
2743
2760
2777
2794
2811
2828
2845
2862
2879
2896
2913
2930
2947
2964
2981
2998
3015
3032
3049
3066
3083
3100
3117
3134
3151
3168
3185
3202
3219
3236
3253
3270
3287
3304
3321
3338
3355
3372
3389
3406
3423
3440
3457
3474
3491
3508
3525
3542
3559
3576
3593
3610
3627
3644
3661
3678
3695
3712
3729
3746
3763
3780
3797
3814
3831
3848
3865
3882
3899
3916
3933
3950
3967
3984
4001
4018
4035
4052
4069
4086
4103
4120
4137
4154
4171
4188
4205
4222
4239
4256
4273
4290
4307
4324
4341
4358
4375
4392
4409
4426
4443
4460
4477
4494
4511
4528
4545
4562
4579
4596
4613
4630
4647
4664
4681
4698
4715
4732
4749
4766
4783
4800
4817
4834
4851
4868
4885
4902
4919
4936
4953
4970
4987
5004
5021
5038
5055
5072
5089
5106
5123
5140
5157
5174
5191
5208
5225
5242
5259
5276
5293
5310
5327
5344
5361
5378
5395
5412
5429
5446
5463
5480
5497
5514
5531
5548
5565
5582
5599
5616
5633
5650
5667
5684
5701
5718
5735
5752
5769
5786
5803
5820
5837
5854
5871
5888
5905
5922
5939
5956
5973
5990
6007
6024
6041
6058
6075
6092
6109
6126
6143
6160
6177
6194
6211
6228
6245
6262
6279
6296
6313
6330
6347
6364
6381
6398
6415
6432
6449
6466
6483
6500
6517
6534
6551
6568
6585
6602
6619
6636
6653
6670
6687
6704
6721
6738
6755
6772
6789
6806
6823
6840
6857
6874
6891
6908
6925
6942
6959
6976
6993
7010
7027
7044
7061
7078
7095
7112
7129
7146
7163
7180
7197
7214
7231
7248
7265
7282
7299
7316
7333
7350
7367
7384
7401
7418
7435
7452
7469
7486
7503
7520
7537
7554
7571
7588
7605
7622
7639
7656
7673
7690
7707
7724
7741
7758
7775
7792
7809
7826
7843
7860
7877
7894
7911
7928
7945
7962
7979
7996
8013
8030
8047
8064
8081
8098
8115
8132
8149
8166
8183
8200
8217
8234
8251
8268
8285
8302
8319
8336
8353
8370
8387
8404
8421
8438
8455
8472
8489
8506
8523
8540
8557
8574
8591
8608
8625
8642
8659
8676
8693
8710
8727
8744
8761
8778
8795
8812
8829
8846
8863
8880
8897
8914
8931
8948
8965
8982
8999
9016
9033
9050
9067
9084
9101
9118
9135
9152
9169
9186
9203
9220
9237
9254
9271
9288
9305
9322
9339
9356
9373
9390
9407
9424
9441
9458
9475
9492
9509
9526
9543
9560
9577
9594
9611
9628
9645
9662
9679
9696
9713
9730
9747
9764
9781
9798
9815
9832
9849
9866
9883
9900
9917
9934
9951
9968
9985
10002
10019
10036
10053
10070
10087
10104
10121
10138
10155
10172
10189
10206
10223
10240
10257
10274
10291
10308
10325
10342
10359
10376
10393
10410
10427
10444
10461
10478
10495
10512
10529
10546
10563
10580
10597
10614
10631
10648
10665
10682
10699
10716
10733
10750
10767
10784
10801
10818
10835
10852
10869
10886
10903
10920
10937
10954
10971
10988
11005
11022
11039
11056
11073
11090
11107
11124
11141
11158
11175
11192
11209
11226
11243
11260
11277
11294
11311
11328
11345
11362
11379
11396
11413
11430
11447
11464
11481
11498
11515
11532
11549
11566
11583
11600
11617
11634
11651
11668
11685
11702
11719
11736
11753
11770
11787
11804
11821
11838
11855
11872
11889
11906
11923
11940
11957
11974
11991
12008
12025
12042
12059
12076
12093
12110
12127
12144
12161
12178
12195
12212
12229
12246
12263
12280
12297
12314
12331
12348
12365
12382
12399
12416
12433
12450
12467
12484
12501
12518
12535
12552
12569
12586
12603
12620
12637
12654
12671
12688
12705
12722
12739
12756
12773
12790
12807
12824
12841
12858
12875
12892
12909
12926
12943
12960
12977
12994
13011
13028
13045
13062
13079
13096
13113
13130
13147
13164
13181
13198
13215
13232
13249
13266
13283
13300
13317
13334
13351
13368
13385
13402
13419
13436
13453
13470
13487
13504
13521
13538
13555
13572
13589
13606
13623
13640
13657
13674
13691
13708
13725
13742
13759
13776
13793
13810
13827
13844
13861
13878
13895
13912
13929
13946
13963
13980
13997
14014
14031
14048
14065
14082
14099
14116
14133
14150
14167
14184
14201
14218
14235
14252
14269
14286
14303
14320
14337
14354
14371
14388
14405
14422
14439
14456
14473
14490
14507
14524
14541
14558
14575
14592
14609
14626
14643
14660
14677
14694
14711
14728
14745
14762
14779
14796
14813
14830
14847
14864
14881
14898
14915
14932
14949
14966
14983
15000
15017
15034
15051
15068
15085
15102
15119
15136
15153
15170
15187
15204
15221
15238
15255
15272
15289
15306
15323
15340
15357
15374
15391
15408
15425
15442
15459
15476
15493
15510
15527
15544
15561
15578
15595
15612
15629
15646
15663
15680
15697
15714
15731
15748
15765
15782
15799
15816
15833
15850
15867
15884
15901
15918
15935
15952
15969
15986
16003
16020
16037
16054
16071
16088
16105
16122
16139
16156
16173
16190
16207
16224
16241
16258
16275
16292
16309
16326
16343
16360
16377
16394
16411
16428
16445
16462
16479
16496
16513
16530
16547
16564
16581
16598
16615
16632
16649
16666
16683
16700
16717
16734
16751
16768
16785
16802
16819
16836
16853
16870
16887
16904
16921
16938
16955
16972
16989
17006
17023
17040
17057
17074
17091
17108
17125
17142
17159
17176
17193
17210
17227
17244
17261
17278
17295
17312
17329
17346
17363
17380
17397
17414
17431
17448
17465
17482
17499
17516
17533
17550
17567
17584
17601
17618
17635
17652
17669
17686
17703
17720
17737
17754
17771
17788
17805
17822
17839
17856
17873
17890
17907
17924
17941
17958
17975
17992
18009
18026
18043
18060
18077
18094
18111
18128
18145
18162
18179
18196
18213
18230
18247
18264
18281
18298
18315
18332
18349
18366
18383
18400
18417
18434
18451
18468
18485
18502
18519
18536
18553
18570
18587
18604
18621
18638
18655
18672
18689
18706
18723
18740
18757
18774
18791
18808
18825
18842
18859
18876
18893
18910
18927
18944
18961
18978
18995
19012
19029
19046
19063
19080
19097
19114
19131
19148
19165
19182
19199
19216
19233
19250
19267
19284
19301
19318
19335
19352
19369
19386
19403
19420
19437
19454
19471
19488
19505
19522
19539
19556
19573
19590
19607
19624
19641
19658
19675
19692
19709
19726
19743
19760
19777
19794
19811
19828
19845
19862
19879
19896
19913
19930
19947
19964
19981
19998
20015
20032
20049
20066
20083
20100
20117
20134
20151
20168
20185
20202
20219
20236
20253
20270
20287
20304
20321
20338
20355
20372
20389
20406
20423
20440
20457
20474
20491
20508
20525
20542
20559
20576
20593
20610
20627
20644
20661
20678
20695
20712
20729
20746
20763
20780
20797
20814
20831
20848
20865
20882
20899
20916
20933
20950
20967
20984
21001
21018
21035
21052
21069
21086
21103
21120
21137
21154
21171
21188
21205
21222
21239
21256
21273
21290
21307
21324
21341
21358
21375
21392
21409
21426
21443
21460
21477
21494
21511
21528
21545
21562
21579
21596
21613
21630
21647
21664
21681
21698
21715
21732
21749
21766
21783
21800
21817
21834
21851
21868
21885
21902
21919
21936
21953
21970
21987
22004
22021
22038
22055
22072
22089
22106
22123
22140
22157
22174
22191
22208
22225
22242
22259
22276
22293
22310
22327
22344
22361
22378
22395
22412
22429
22446
22463
22480
22497
22514
22531
22548
22565
22582
22599
22616
22633
22650
22667
22684
22701
22718
22735
22752
22769
22786
22803
22820
22837
22854
22871
22888
22905
22922
22939
22956
22973
22990
23007
23024
23041
23058
23075
23092
23109
23126
23143
23160
23177
23194
23211
23228
23245
23262
23279
23296
23313
23330
23347
23364
23381
23398
23415
23432
23449
23466
23483
23500
23517
23534
23551
23568
23585
23602
23619
23636
23653
23670
23687
23704
23721
23738
23755
23772
23789
23806
23823
23840
23857
23874
23891
23908
23925
23942
23959
23976
23993
24010
24027
24044
24061
24078
24095
24112
24129
24146
24163
24180
24197
24214
24231
24248
24265
24282
24299
24316
24333
24350
24367
24384
24401
24418
24435
24452
24469
24486
24503
24520
24537
24554
24571
24588
24605
24622
24639
24656
24673
24690
24707
24724
24741
24758
24775
24792
24809
24826
24843
24860
24877
24894
24911
24928
24945
24962
24979
24996
25013
25030
25047
25064
25081
25098
25115
25132
25149
25166
25183
25200
25217
25234
25251
25268
25285
25302
25319
25336
25353
25370
25387
25404
25421
25438
25455
25472
25489
25506
25523
25540
25557
25574
25591
25608
25625
25642
25659
25676
25693
25710
25727
25744
25761
25778
25795
25812
25829
25846
25863
25880
25897
25914
25931
25948
25965
25982
25999
26016
26033
26050
26067
26084
26101
26118
26135
26152
26169
26186
26203
26220
26237
26254
26271
26288
26305
26322
26339
26356
26373
26390
26407
26424
26441
26458
26475
26492
26509
26526
26543
26560
26577
26594
26611
26628
26645
26662
26679
26696
26713
26730
26747
26764
26781
26798
26815
26832
26849
26866
26883
26900
26917
26934
26951
26968
26985
27002
27019
27036
27053
27070
27087
27104
27121
27138
27155
27172
27189
27206
27223
27240
27257
27274
27291
27308
27325
27342
27359
27376
27393
27410
27427
27444
27461
27478
27495
27512
27529
27546
27563
27580
27597
27614
27631
27648
27665
27682
27699
27716
27733
27750
27767
27784
27801
27818
27835
27852
27869
27886
27903
27920
27937
27954
27971
27988
28005
28022
28039
28056
28073
28090
28107
28124
28141
28158
28175
28192
28209
28226
28243
28260
28277
28294
28311
28328
28345
28362
28379
28396
28413
28430
28447
28464
28481
28498
28515
28532
28549
28566
28583
28600
28617
28634
28651
28668
28685
28702
28719
28736
28753
28770
28787
28804
28821
28838
28855
28872
28889
28906
28923
28940
28957
28974
28991
29008
29025
29042
29059
29076
29093
29110
29127
29144
29161
29178
29195
29212
29229
29246
29263
29280
29297
29314
29331
29348
29365
29382
29399
29416
29433
29450
29467
29484
29501
29518
29535
29552
29569
29586
29603
29620
29637
29654
29671
29688
29705
29722
29739
29756
29773
29790
29807
29824
29841
29858
29875
29892
29909
29926
29943
29960
29977
29994
30011
30028
30045
30062
30079
30096
30113
30130
30147
30164
30181
30198
30215
30232
30249
30266
30283
30300
30317
30334
30351
30368
30385
30402
30419
30436
30453
30470
30487
30504
30521
30538
30555
30572
30589
30606
30623
30640
30657
30674
30691
30708
30725
30742
30759
30776
30793
30810
30827
30844
30861
30878
30895
30912
30929
30946
30963
30980
30997
31014
31031
31048
31065
31082
31099
31116
31133
31150
31167
31184
31201
31218
31235
31252
31269
31286
31303
31320
31337
31354
31371
31388
31405
31422
31439
31456
31473
31490
31507
31524
31541
31558
31575
31592
31609
31626
31643
31660
31677
31694
31711
31728
31745
31762
31779
31796
31813
31830
31847
31864
31881
31898
31915
31932
31949
31966
31983
32000
32017
32034
32051
32068
32085
32102
32119
32136
32153
32170
32187
32204
32221
32238
32255
32272
32289
32306
32323
32340
32357
32374
32391
32408
32425
32442
32459
32476
32493
32510
32527
32544
32561
32578
32595
32612
32629
32646
32663
32680
32697
32714
32731
32748
32765
32782
32799
32816
32833
32850
32867
32884
32901
32918
32935
32952
32969
32986
33003
33020
33037
33054
33071
33088
33105
33122
33139
33156
33173
33190
33207
33224
33241
33258
33275
33292
33309
33326
33343
33360
33377
33394
33411
33428
33445
33462
33479
33496
33513
33530
33547
33564
33581
33598
33615
33632
33649
33666
33683
33700
33717
33734
33751
33768
33785
33802
33819
33836
33853
33870
33887
33904
33921
33938
33955
33972
33989
34006
34023
34040
34057
34074
34091
34108
34125
34142
34159
34176
34193
34210
34227
34244
34261
34278
34295
34312
34329
34346
34363
34380
34397
34414
34431
34448
34465
34482
34499
34516
34533
34550
34567
34584
34601
34618
34635
34652
34669
34686
34703
34720
34737
34754
34771
34788
34805
34822
34839
34856
34873
34890
34907
34924
34941
34958
34975
34992
35009
35026
35043
35060
35077
35094
35111
35128
35145
35162
35179
35196
35213
35230
35247
35264
35281
35298
35315
35332
35349
35366
35383
35400
35417
35434
35451
35468
35485
35502
35519
35536
35553
35570
35587
35604
35621
35638
35655
35672
35689
35706
35723
35740
35757
35774
35791
35808
35825
35842
35859
35876
35893
35910
35927
35944
35961
35978
35995
36012
36029
36046
36063
36080
36097
36114
36131
36148
36165
36182
36199
36216
36233
36250
36267
36284
36301
36318
36335
36352
36369
36386
36403
36420
36437
36454
36471
36488
36505
36522
36539
36556
36573
36590
36607
36624
36641
36658
36675
36692
36709
36726
36743
36760
36777
36794
36811
36828
36845
36862
36879
36896
36913
36930
36947
36964
36981
36998
37015
37032
37049
37066
37083
37100
37117
37134
37151
37168
37185
37202
37219
37236
37253
37270
37287
37304
37321
37338
37355
37372
37389
37406
37423
37440
37457
37474
37491
37508
37525
37542
37559
37576
37593
37610
37627
37644
37661
37678
37695
37712
37729
37746
37763
37780
37797
37814
37831
37848
37865
37882
37899
37916
37933
37950
37967
37984
38001
38018
38035
38052
38069
38086
38103
38120
38137
38154
38171
38188
38205
38222
38239
38256
38273
38290
38307
38324
38341
38358
38375
38392
38409
38426
38443
38460
38477
38494
38511
38528
38545
38562
38579
38596
38613
38630
38647
38664
38681
38698
38715
38732
38749
38766
38783
38800
38817
38834
38851
38868
38885
38902
38919
38936
38953
38970
38987
39004
39021
39038
39055
39072
39089
39106
39123
39140
39157
39174
39191
39208
39225
39242
39259
39276
39293
39310
39327
39344
39361
39378
39395
39412
39429
39446
39463
39480
39497
39514
39531
39548
39565
39582
39599
39616
39633
39650
39667
39684
39701
39718
39735
39752
39769
39786
39803
39820
39837
39854
39871
39888
39905
39922
39939
39956
39973
39990
40007
40024
40041
40058
40075
40092
40109
40126
40143
40160
40177
40194
40211
40228
40245
40262
40279
40296
40313
40330
40347
40364
40381
40398
40415
40432
40449
40466
40483
40500
40517
40534
40551
40568
40585
40602
40619
40636
40653
40670
40687
40704
40721
40738
40755
40772
40789
40806
40823
40840
40857
40874
40891
40908
40925
40942
40959
40976
40993
41010
41027
41044
41061
41078
41095
41112
41129
41146
41163
41180
41197
41214
41231
41248
41265
41282
41299
41316
41333
41350
41367
41384
41401
41418
41435
41452
41469
41486
41503
41520
41537
41554
41571
41588
41605
41622
41639
41656
41673
41690
41707
41724
41741
41758
41775
41792
41809
41826
41843
41860
41877
41894
41911
41928
41945
41962
41979
41996
42013
42030
42047
42064
42081
42098
42115
42132
42149
42166
42183
42200
42217
42234
42251
42268
42285
42302
42319
42336
42353
42370
42387
42404
42421
42438
42455
42472
42489
42506
42523
42540
42557
42574
42591
42608
42625
42642
42659
42676
42693
42710
42727
42744
42761
42778
42795
42812
42829
42846
42863
42880
42897
42914
42931
42948
42965
42982
42999
43016
43033
43050
43067
43084
43101
43118
43135
43152
43169
43186
43203
43220
43237
43254
43271
43288
43305
43322
43339
43356
43373
43390
43407
43424
43441
43458
43475
43492
43509
43526
43543
43560
43577
43594
43611
43628
43645
43662
43679
43696
43713
43730
43747
43764
43781
43798
43815
43832
43849
43866
43883
43900
43917
43934
43951
43968
43985
44002
44019
44036
44053
44070
44087
44104
44121
44138
44155
44172
44189
44206
44223
44240
44257
44274
44291
44308
44325
44342
44359
44376
44393
44410
44427
44444
44461
44478
44495
44512
44529
44546
44563
44580
44597
44614
44631
44648
44665
44682
44699
44716
44733
44750
44767
44784
44801
44818
44835
44852
44869
44886
44903
44920
44937
44954
44971
44988
45005
45022
45039
45056
45073
45090
45107
45124
45141
45158
45175
45192
45209
45226
45243
45260
45277
45294
45311
45328
45345
45362
45379
45396
45413
45430
45447
45464
45481
45498
45515
45532
45549
45566
45583
45600
45617
45634
45651
45668
45685
45702
45719
45736
45753
45770
45787
45804
45821
45838
45855
45872
45889
45906
45923
45940
45957
45974
45991
46008
46025
46042
46059
46076
46093
46110
46127
46144
46161
46178
46195
46212
46229
46246
46263
46280
46297
46314
46331
46348
46365
46382
46399
46416
46433
46450
46467
46484
46501
46518
46535
46552
46569
46586
46603
46620
46637
46654
46671
46688
46705
46722
46739
46756
46773
46790
46807
46824
46841
46858
46875
46892
46909
46926
46943
46960
46977
46994
47011
47028
47045
47062
47079
47096
47113
47130
47147
47164
47181
47198
47215
47232
47249
47266
47283
47300
47317
47334
47351
47368
47385
47402
47419
47436
47453
47470
47487
47504
47521
47538
47555
47572
47589
47606
47623
47640
47657
47674
47691
47708
47725
47742
47759
47776
47793
47810
47827
47844
47861
47878
47895
47912
47929
47946
47963
47980
47997
48014
48031
48048
48065
48082
48099
48116
48133
48150
48167
48184
48201
48218
48235
48252
48269
48286
48303
48320
48337
48354
48371
48388
48405
48422
48439
48456
48473
48490
48507
48524
48541
48558
48575
48592
48609
48626
48643
48660
48677
48694
48711
48728
48745
48762
48779
48796
48813
48830
48847
48864
48881
48898
48915
48932
48949
48966
48983
49000
49017
49034
49051
49068
49085
49102
49119
49136
49153
49170
49187
49204
49221
49238
49255
49272
49289
49306
49323
49340
49357
49374
49391
49408
49425
49442
49459
49476
49493
49510
49527
49544
49561
49578
49595
49612
49629
49646
49663
49680
49697
49714
49731
49748
49765
49782
49799
49816
49833
49850
49867
49884
49901
49918
49935
49952
49969
49986
50003
50020
50037
50054
50071
50088
50105
50122
50139
50156
50173
50190
50207
50224
50241
50258
50275
50292
50309
50326
50343
50360
50377
50394
50411
50428
50445
50462
50479
50496
50513
50530
50547
50564
50581
50598
50615
50632
50649
50666
50683
50700
50717
50734
50751
50768
50785
50802
50819
50836
50853
50870
50887
50904
50921
50938
50955
50972
50989
51006
51023
51040
51057
51074
51091
51108
51125
51142
51159
51176
51193
51210
51227
51244
51261
51278
51295
51312
51329
51346
51363
51380
51397
51414
51431
51448
51465
51482
51499
51516
51533
51550
51567
51584
51601
51618
51635
51652
51669
51686
51703
51720
51737
51754
51771
51788
51805
51822
51839
51856
51873
51890
51907
51924
51941
51958
51975
51992
52009
52026
52043
52060
52077
52094
52111
52128
52145
52162
52179
52196
52213
52230
52247
52264
52281
52298
52315
52332
52349
52366
52383
52400
52417
52434
52451
52468
52485
52502
52519
52536
52553
52570
52587
52604
52621
52638
52655
52672
52689
52706
52723
52740
52757
52774
52791
52808
52825
52842
52859
52876
52893
52910
52927
52944
52961
52978
52995
53012
53029
53046
53063
53080
53097
53114
53131
53148
53165
53182
53199
53216
53233
53250
53267
53284
53301
53318
53335
53352
53369
53386
53403
53420
53437
53454
53471
53488
53505
53522
53539
53556
53573
53590
53607
53624
53641
53658
53675
53692
53709
53726
53743
53760
53777
53794
53811
53828
53845
53862
53879
53896
53913
53930
53947
53964
53981
53998
54015
54032
54049
54066
54083
54100
54117
54134
54151
54168
54185
54202
54219
54236
54253
54270
54287
54304
54321
54338
54355
54372
54389
54406
54423
54440
54457
54474
54491
54508
54525
54542
54559
54576
54593
54610
54627
54644
54661
54678
54695
54712
54729
54746
54763
54780
54797
54814
54831
54848
54865
54882
54899
54916
54933
54950
54967
54984
55001
55018
55035
55052
55069
55086
55103
55120
55137
55154
55171
55188
55205
55222
55239
55256
55273
55290
55307
55324
55341
55358
55375
55392
55409
55426
55443
55460
55477
55494
55511
55528
55545
55562
55579
55596
55613
55630
55647
55664
55681
55698
55715
55732
55749
55766
55783
55800
55817
55834
55851
55868
55885
55902
55919
55936
55953
55970
55987
56004
56021
56038
56055
56072
56089
56106
56123
56140
56157
56174
56191
56208
56225
56242
56259
56276
56293
56310
56327
56344
56361
56378
56395
56412
56429
56446
56463
56480
56497
56514
56531
56548
56565
56582
56599
56616
56633
56650
56667
56684
56701
56718
56735
56752
56769
56786
56803
56820
56837
56854
56871
56888
56905
56922
56939
56956
56973
56990
57007
57024
57041
57058
57075
57092
57109
57126
57143
57160
57177
57194
57211
57228
57245
57262
57279
57296
57313
57330
57347
57364
57381
57398
57415
57432
57449
57466
57483
57500
57517
57534
57551
57568
57585
57602
57619
57636
57653
57670
57687
57704
57721
57738
57755
57772
57789
57806
57823
57840
57857
57874
57891
57908
57925
57942
57959
57976
57993
58010
58027
58044
58061
58078
58095
58112
58129
58146
58163
58180
58197
58214
58231
58248
58265
58282
58299
58316
58333
58350
58367
58384
58401
58418
58435
58452
58469
58486
58503
58520
58537
58554
58571
58588
58605
58622
58639
58656
58673
58690
58707
58724
58741
58758
58775
58792
58809
58826
58843
58860
58877
58894
58911
58928
58945
58962
58979
58996
59013
59030
59047
59064
59081
59098
59115
59132
59149
59166
59183
59200
59217
59234
59251
59268
59285
59302
59319
59336
59353
59370
59387
59404
59421
59438
59455
59472
59489
59506
59523
59540
59557
59574
59591
59608
59625
59642
59659
59676
59693
59710
59727
59744
59761
59778
59795
59812
59829
59846
59863
59880
59897
59914
59931
59948
59965
59982
59999
60016
60033
60050
60067
60084
60101
60118
60135
60152
60169
60186
60203
60220
60237
60254
60271
60288
60305
60322
60339
60356
60373
60390
60407
60424
60441
60458
60475
60492
60509
60526
60543
60560
60577
60594
60611
60628
60645
60662
60679
60696
60713
60730
60747
60764
60781
60798
60815
60832
60849
60866
60883
60900
60917
60934
60951
60968
60985
61002
61019
61036
61053
61070
61087
61104
61121
61138
61155
61172
61189
61206
61223
61240
61257
61274
61291
61308
61325
61342
61359
61376
61393
61410
61427
61444
61461
61478
61495
61512
61529
61546
61563
61580
61597
61614
61631
61648
61665
61682
61699
61716
61733
61750
61767
61784
61801
61818
61835
61852
61869
61886
61903
61920
61937
61954
61971
61988
62005
62022
62039
62056
62073
62090
62107
62124
62141
62158
62175
62192
62209
62226
62243
62260
62277
62294
62311
62328
62345
62362
62379
62396
62413
62430
62447
62464
62481
62498
62515
62532
62549
62566
62583
62600
62617
62634
62651
62668
62685
62702
62719
62736
62753
62770
62787
62804
62821
62838
62855
62872
62889
62906
62923
62940
62957
62974
62991
63008
63025
63042
63059
63076
63093
63110
63127
63144
63161
63178
63195
63212
63229
63246
63263
63280
63297
63314
63331
63348
63365
63382
63399
63416
63433
63450
63467
63484
63501
63518
63535
63552
63569
63586
63603
63620
63637
63654
63671
63688
63705
63722
63739
63756
63773
63790
63807
63824
63841
63858
63875
63892
63909
63926
63943
63960
63977
63994
64011
64028
64045
64062
64079
64096
64113
64130
64147
64164
64181
64198
64215
64232
64249
64266
64283
64300
64317
64334
64351
64368
64385
64402
64419
64436
64453
64470
64487
64504
64521
64538
64555
64572
64589
64606
64623
64640
64657
64674
64691
64708
64725
64742
64759
64776
64793
64810
64827
64844
64861
64878
64895
64912
64929
64946
64963
64980
64997
65014
65031
65048
65065
65082
65099
65116
65133
65150
65167
65184
65201
65218
65235
65252
65269
65286
65303
65320
65337
65354
65371
65388
65405
65422
65439
65456
65473
65490
65507
65524
65541
65558
65575
65592
65609
65626
65643
65660
65677
65694
65711
65728
65745
65762
65779
65796
65813
65830
65847
65864
65881
65898
65915
65932
65949
65966
65983
66000
66017
66034
66051
66068
66085
66102
66119
66136
66153
66170
66187
66204
66221
66238
66255
66272
66289
66306
66323
66340
66357
66374
66391
66408
66425
66442
66459
66476
66493
66510
66527
66544
66561
66578
66595
66612
66629
66646
66663
66680
66697
66714
66731
66748
66765
66782
66799
66816
66833
66850
66867
66884
66901
66918
66935
66952
66969
66986
67003
67020
67037
67054
67071
67088
67105
67122
67139
67156
67173
67190
67207
67224
67241
67258
67275
67292
67309
67326
67343
67360
67377
67394
67411
67428
67445
67462
67479
67496
67513
67530
67547
67564
67581
67598
67615
67632
67649
67666
67683
67700
67717
67734
67751
67768
67785
67802
67819
67836
67853
67870
67887
67904
67921
67938
67955
67972
67989
68006
68023
68040
68057
68074
68091
68108
68125
68142
68159
68176
68193
68210
68227
68244
68261
68278
68295
68312
68329
68346
68363
68380
68397
68414
68431
68448
68465
68482
68499
68516
68533
68550
68567
68584
68601
68618
68635
68652
68669
68686
68703
68720
68737
68754
68771
68788
68805
68822
68839
68856
68873
68890
68907
68924
68941
68958
68975
68992
69009
69026
69043
69060
69077
69094
69111
69128
69145
69162
69179
69196
69213
69230
69247
69264
69281
69298
69315
69332
69349
69366
69383
69400
69417
69434
69451
69468
69485
69502
69519
69536
69553
69570
69587
69604
69621
69638
69655
69672
69689
69706
69723
69740
69757
69774
69791
69808
69825
69842
69859
69876
69893
69910
69927
69944
69961
69978
69995
70012
70029
70046
70063
70080
70097
70114
70131
70148
70165
70182
70199
70216
70233
70250
70267
70284
70301
70318
70335
70352
70369
70386
70403
70420
70437
70454
70471
70488
70505
70522
70539
70556
70573
70590
70607
70624
70641
70658
70675
70692
70709
70726
70743
70760
70777
70794
70811
70828
70845
70862
70879
70896
70913
70930
70947
70964
70981
70998
71015
71032
71049
71066
71083
71100
71117
71134
71151
71168
71185
71202
71219
71236
71253
71270
71287
71304
71321
71338
71355
71372
71389
71406
71423
71440
71457
71474
71491
71508
71525
71542
71559
71576
71593
71610
71627
71644
71661
71678
71695
71712
71729
71746
71763
71780
71797
71814
71831
71848
71865
71882
71899
71916
71933
71950
71967
71984
72001
72018
72035
72052
72069
72086
72103
72120
72137
72154
72171
72188
72205
72222
72239
72256
72273
72290
72307
72324
72341
72358
72375
72392
72409
72426
72443
72460
72477
72494
72511
72528
72545
72562
72579
72596
72613
72630
72647
72664
72681
72698
72715
72732
72749
72766
72783
72800
72817
72834
72851
72868
72885
72902
72919
72936
72953
72970
72987
73004
73021
73038
73055
73072
73089
73106
73123
73140
73157
73174
73191
73208
73225
73242
73259
73276
73293
73310
73327
73344
73361
73378
73395
73412
73429
73446
73463
73480
73497
73514
73531
73548
73565
73582
73599
73616
73633
73650
73667
73684
73701
73718
73735
73752
73769
73786
73803
73820
73837
73854
73871
73888
73905
73922
73939
73956
73973
73990
74007
74024
74041
74058
74075
74092
74109
74126
74143
74160
74177
74194
74211
74228
74245
74262
74279
74296
74313
74330
74347
74364
74381
74398
74415
74432
74449
74466
74483
74500
74517
74534
74551
74568
74585
74602
74619
74636
74653
74670
74687
74704
74721
74738
74755
74772
74789
74806
74823
74840
74857
74874
74891
74908
74925
74942
74959
74976
74993
75010
75027
75044
75061
75078
75095
75112
75129
75146
75163
75180
75197
75214
75231
75248
75265
75282
75299
75316
75333
75350
75367
75384
75401
75418
75435
75452
75469
75486
75503
75520
75537
75554
75571
75588
75605
75622
75639
75656
75673
75690
75707
75724
75741
75758
75775
75792
75809
75826
75843
75860
75877
75894
75911
75928
75945
75962
75979
75996
76013
76030
76047
76064
76081
76098
76115
76132
76149
76166
76183
76200
76217
76234
76251
76268
76285
76302
76319
76336
76353
76370
76387
76404
76421
76438
76455
76472
76489
76506
76523
76540
76557
76574
76591
76608
76625
76642
76659
76676
76693
76710
76727
76744
76761
76778
76795
76812
76829
76846
76863
76880
76897
76914
76931
76948
76965
76982
76999
77016
77033
77050
77067
77084
77101
77118
77135
77152
77169
77186
77203
77220
77237
77254
77271
77288
77305
77322
77339
77356
77373
77390
77407
77424
77441
77458
77475
77492
77509
77526
77543
77560
77577
77594
77611
77628
77645
77662
77679
77696
77713
77730
77747
77764
77781
77798
77815
77832
77849
77866
77883
77900
77917
77934
77951
77968
77985
78002
78019
78036
78053
78070
78087
78104
78121
78138
78155
78172
78189
78206
78223
78240
78257
78274
78291
78308
78325
78342
78359
78376
78393
78410
78427
78444
78461
78478
78495
78512
78529
78546
78563
78580
78597
78614
78631
78648
78665
78682
78699
78716
78733
78750
78767
78784
78801
78818
78835
78852
78869
78886
78903
78920
78937
78954
78971
78988
79005
79022
79039
79056
79073
79090
79107
79124
79141
79158
79175
79192
79209
79226
79243
79260
79277
79294
79311
79328
79345
79362
79379
79396
79413
79430
79447
79464
79481
79498
79515
79532
79549
79566
79583
79600
79617
79634
79651
79668
79685
79702
79719
79736
79753
79770
79787
79804
79821
79838
79855
79872
79889
79906
79923
79940
79957
79974
79991
80008
80025
80042
80059
80076
80093
80110
80127
80144
80161
80178
80195
80212
80229
80246
80263
80280
80297
80314
80331
80348
80365
80382
80399
80416
80433
80450
80467
80484
80501
80518
80535
80552
80569
80586
80603
80620
80637
80654
80671
80688
80705
80722
80739
80756
80773
80790
80807
80824
80841
80858
80875
80892
80909
80926
80943
80960
80977
80994
81011
81028
81045
81062
81079
81096
81113
81130
81147
81164
81181
81198
81215
81232
81249
81266
81283
81300
81317
81334
81351
81368
81385
81402
81419
81436
81453
81470
81487
81504
81521
81538
81555
81572
81589
81606
81623
81640
81657
81674
81691
81708
81725
81742
81759
81776
81793
81810
81827
81844
81861
81878
81895
81912
81929
81946
81963
81980
81997
82014
82031
82048
82065
82082
82099
82116
82133
82150
82167
82184
82201
82218
82235
82252
82269
82286
82303
82320
82337
82354
82371
82388
82405
82422
82439
82456
82473
82490
82507
82524
82541
82558
82575
82592
82609
82626
82643
82660
82677
82694
82711
82728
82745
82762
82779
82796
82813
82830
82847
82864
82881
82898
82915
82932
82949
82966
82983
83000
83017
83034
83051
83068
83085
83102
83119
83136
83153
83170
83187
83204
83221
83238
83255
83272
83289
83306
83323
83340
83357
83374
83391
83408
83425
83442
83459
83476
83493
83510
83527
83544
83561
83578
83595
83612
83629
83646
83663
83680
83697
83714
83731
83748
83765
83782
83799
83816
83833
83850
83867
83884
83901
83918
83935
83952
83969
83986
84003
84020
84037
84054
84071
84088
84105
84122
84139
84156
84173
84190
84207
84224
84241
84258
84275
84292
84309
84326
84343
84360
84377
84394
84411
84428
84445
84462
84479
84496
84513
84530
84547
84564
84581
84598
84615
84632
84649
84666
84683
84700
84717
84734
84751
84768
84785
84802
84819
84836
84853
84870
84887
84904
84921
84938
84955
84972
84989
85006
85023
85040
85057
85074
85091
85108
85125
85142
85159
85176
85193
85210
85227
85244
85261
85278
85295
85312
85329
85346
85363
85380
85397
85414
85431
85448
85465
85482
85499
85516
85533
85550
85567
85584
85601
85618
85635
85652
85669
85686
85703
85720
85737
85754
85771
85788
85805
85822
85839
85856
85873
85890
85907
85924
85941
85958
85975
85992
86009
86026
86043
86060
86077
86094
86111
86128
86145
86162
86179
86196
86213
86230
86247
86264
86281
86298
86315
86332
86349
86366
86383
86400
86417
86434
86451
86468
86485
86502
86519
86536
86553
86570
86587
86604
86621
86638
86655
86672
86689
86706
86723
86740
86757
86774
86791
86808
86825
86842
86859
86876
86893
86910
86927
86944
86961
86978
86995
87012
87029
87046
87063
87080
87097
87114
87131
87148
87165
87182
87199
87216
87233
87250
87267
87284
87301
87318
87335
87352
87369
87386
87403
87420
87437
87454
87471
87488
87505
87522
87539
87556
87573
87590
87607
87624
87641
87658
87675
87692
87709
87726
87743
87760
87777
87794
87811
87828
87845
87862
87879
87896
87913
87930
87947
87964
87981
87998
88015
88032
88049
88066
88083
88100
88117
88134
88151
88168
88185
88202
88219
88236
88253
88270
88287
88304
88321
88338
88355
88372
88389
88406
88423
88440
88457
88474
88491
88508
88525
88542
88559
88576
88593
88610
88627
88644
88661
88678
88695
88712
88729
88746
88763
88780
88797
88814
88831
88848
88865
88882
88899
88916
88933
88950
88967
88984
89001
89018
89035
89052
89069
89086
89103
89120
89137
89154
89171
89188
89205
89222
89239
89256
89273
89290
89307
89324
89341
89358
89375
89392
89409
89426
89443
89460
89477
89494
89511
89528
89545
89562
89579
89596
89613
89630
89647
89664
89681
89698
89715
89732
89749
89766
89783
89800
89817
89834
89851
89868
89885
89902
89919
89936
89953
89970
89987
90004
90021
90038
90055
90072
90089
90106
90123
90140
90157
90174
90191
90208
90225
90242
90259
90276
90293
90310
90327
90344
90361
90378
90395
90412
90429
90446
90463
90480
90497
90514
90531
90548
90565
90582
90599
90616
90633
90650
90667
90684
90701
90718
90735
90752
90769
90786
90803
90820
90837
90854
90871
90888
90905
90922
90939
90956
90973
90990
91007
91024
91041
91058
91075
91092
91109
91126
91143
91160
91177
91194
91211
91228
91245
91262
91279
91296
91313
91330
91347
91364
91381
91398
91415
91432
91449
91466
91483
91500
91517
91534
91551
91568
91585
91602
91619
91636
91653
91670
91687
91704
91721
91738
91755
91772
91789
91806
91823
91840
91857
91874
91891
91908
91925
91942
91959
91976
91993
92010
92027
92044
92061
92078
92095
92112
92129
92146
92163
92180
92197
92214
92231
92248
92265
92282
92299
92316
92333
92350
92367
92384
92401
92418
92435
92452
92469
92486
92503
92520
92537
92554
92571
92588
92605
92622
92639
92656
92673
92690
92707
92724
92741
92758
92775
92792
92809
92826
92843
92860
92877
92894
92911
92928
92945
92962
92979
92996
93013
93030
93047
93064
93081
93098
93115
93132
93149
93166
93183
93200
93217
93234
93251
93268
93285
93302
93319
93336
93353
93370
93387
93404
93421
93438
93455
93472
93489
93506
93523
93540
93557
93574
93591
93608
93625
93642
93659
93676
93693
93710
93727
93744
93761
93778
93795
93812
93829
93846
93863
93880
93897
93914
93931
93948
93965
93982
93999
94016
94033
94050
94067
94084
94101
94118
94135
94152
94169
94186
94203
94220
94237
94254
94271
94288
94305
94322
94339
94356
94373
94390
94407
94424
94441
94458
94475
94492
94509
94526
94543
94560
94577
94594
94611
94628
94645
94662
94679
94696
94713
94730
94747
94764
94781
94798
94815
94832
94849
94866
94883
94900
94917
94934
94951
94968
94985
95002
95019
95036
95053
95070
95087
95104
95121
95138
95155
95172
95189
95206
95223
95240
95257
95274
95291
95308
95325
95342
95359
95376
95393
95410
95427
95444
95461
95478
95495
95512
95529
95546
95563
95580
95597
95614
95631
95648
95665
95682
95699
95716
95733
95750
95767
95784
95801
95818
95835
95852
95869
95886
95903
95920
95937
95954
95971
95988
96005
96022
96039
96056
96073
96090
96107
96124
96141
96158
96175
96192
96209
96226
96243
96260
96277
96294
96311
96328
96345
96362
96379
96396
96413
96430
96447
96464
96481
96498
96515
96532
96549
96566
96583
96600
96617
96634
96651
96668
96685
96702
96719
96736
96753
96770
96787
96804
96821
96838
96855
96872
96889
96906
96923
96940
96957
96974
96991
97008
97025
97042
97059
97076
97093
97110
97127
97144
97161
97178
97195
97212
97229
97246
97263
97280
97297
97314
97331
97348
97365
97382
97399
97416
97433
97450
97467
97484
97501
97518
97535
97552
97569
97586
97603
97620
97637
97654
97671
97688
97705
97722
97739
97756
97773
97790
97807
97824
97841
97858
97875
97892
97909
97926
97943
97960
97977
97994
98011
98028
98045
98062
98079
98096
98113
98130
98147
98164
98181
98198
98215
98232
98249
98266
98283
98300
98317
98334
98351
98368
98385
98402
98419
98436
98453
98470
98487
98504
98521
98538
98555
98572
98589
98606
98623
98640
98657
98674
98691
98708
98725
98742
98759
98776
98793
98810
98827
98844
98861
98878
98895
98912
98929
98946
98963
98980
98997
99014
99031
99048
99065
99082
99099
99116
99133
99150
99167
99184
99201
99218
99235
99252
99269
99286
99303
99320
99337
99354
99371
99388
99405
99422
99439
99456
99473
99490
99507
99524
99541
99558
99575
99592
99609
99626
99643
99660
99677
99694
99711
99728
99745
99762
99779
99796
99813
99830
99847
99864
99881
99898
99915
99932
99949
99966
99983
100000
100017
100034
100051
100068
100085
100102
100119
100136
100153
100170
100187
100204
100221
100238
100255
100272
100289
100306
100323
100340
100357
100374
100391
100408
100425
100442
100459
100476
100493
100510
100527
100544
100561
100578
100595
100612
100629
100646
100663
100680
100697
100714
100731
100748
100765
100782
100799
100816
100833
100850
100867
100884
100901
100918
100935
100952
100969
100986
101003
101020
101037
101054
101071
101088
101105
101122
101139
101156
101173
101190
101207
101224
101241
101258
101275
101292
101309
101326
101343
101360
101377
101394
101411
101428
101445
101462
101479
101496
101513
101530
101547
101564
101581
101598
101615
101632
101649
101666
101683
101700
101717
101734
101751
101768
101785
101802
101819
101836
101853
101870
101887
101904
101921
101938
101955
101972
101989
102006
102023
102040
102057
102074
102091
102108
102125
102142
102159
102176
102193
102210
102227
102244
102261
102278
102295
102312
102329
102346
102363
102380
102397
102414
102431
102448
102465
102482
102499
102516
102533
102550
102567
102584
102601
102618
102635
102652
102669
102686
102703
102720
102737
102754
102771
102788
102805
102822
102839
102856
102873
102890
102907
102924
102941
102958
102975
102992
103009
103026
103043
103060
103077
103094
103111
103128
103145
103162
103179
103196
103213
103230
103247
103264
103281
103298
103315
103332
103349
103366
103383
103400
103417
103434
103451
103468
103485
103502
103519
103536
103553
103570
103587
103604
103621
103638
103655
103672
103689
103706
103723
103740
103757
103774
103791
103808
103825
103842
103859
103876
103893
103910
103927
103944
103961
103978
103995
104012
104029
104046
104063
104080
104097
104114
104131
104148
104165
104182
104199
104216
104233
104250
104267
104284
104301
104318
104335
104352
104369
104386
104403
104420
104437
104454
104471
104488
104505
104522
104539
104556
104573
104590
104607
104624
104641
104658
104675
104692
104709
104726
104743
104760
104777
104794
104811
104828
104845
104862
104879
104896
104913
104930
104947
104964
104981
104998
105015
105032
105049
105066
105083
105100
105117
105134
105151
105168
105185
105202
105219
105236
105253
105270
105287
105304
105321
105338
105355
105372
105389
105406
105423
105440
105457
105474
105491
105508
105525
105542
105559
105576
105593
105610
105627
105644
105661
105678
105695
105712
105729
105746
105763
105780
105797
105814
105831
105848
105865
105882
105899
105916
105933
105950
105967
105984
106001
106018
106035
106052
106069
106086
106103
106120
106137
106154
106171
106188
106205
106222
106239
106256
106273
106290
106307
106324
106341
106358
106375
106392
106409
106426
106443
106460
106477
106494
106511
106528
106545
106562
106579
106596
106613
106630
106647
106664
106681
106698
106715
106732
106749
106766
106783
106800
106817
106834
106851
106868
106885
106902
106919
106936
106953
106970
106987
107004
107021
107038
107055
107072
107089
107106
107123
107140
107157
107174
107191
107208
107225
107242
107259
107276
107293
107310
107327
107344
107361
107378
107395
107412
107429
107446
107463
107480
107497
107514
107531
107548
107565
107582
107599
107616
107633
107650
107667
107684
107701
107718
107735
107752
107769
107786
107803
107820
107837
107854
107871
107888
107905
107922
107939
107956
107973
107990
108007
108024
108041
108058
108075
108092
108109
108126
108143
108160
108177
108194
108211
108228
108245
108262
108279
108296
108313
108330
108347
108364
108381
108398
108415
108432
108449
108466
108483
108500
108517
108534
108551
108568
108585
108602
108619
108636
108653
108670
108687
108704
108721
108738
108755
108772
108789
108806
108823
108840
108857
108874
108891
108908
108925
108942
108959
108976
108993
109010
109027
109044
109061
109078
109095
109112
109129
109146
109163
109180
109197
109214
109231
109248
109265
109282
109299
109316
109333
109350
109367
109384
109401
109418
109435
109452
109469
109486
109503
109520
109537
109554
109571
109588
109605
109622
109639
109656
109673
109690
109707
109724
109741
109758
109775
109792
109809
109826
109843
109860
109877
109894
109911
109928
109945
109962
109979
109996
110013
110030
110047
110064
110081
110098
110115
110132
110149
110166
110183
110200
110217
110234
110251
110268
110285
110302
110319
110336
110353
110370
110387
110404
110421
110438
110455
110472
110489
110506
110523
110540
110557
110574
110591
110608
110625
110642
110659
110676
110693
110710
110727
110744
110761
110778
110795
110812
110829
110846
110863
110880
110897
110914
110931
110948
110965
110982
110999
111016
111033
111050
111067
111084
111101
111118
111135
111152
111169
111186
111203
111220
111237
111254
111271
111288
111305
111322
111339
111356
111373
111390
111407
111424
111441
111458
111475
111492
111509
111526
111543
111560
111577
111594
111611
111628
111645
111662
111679
111696
111713
111730
111747
111764
111781
111798
111815
111832
111849
111866
111883
111900
111917
111934
111951
111968
111985
112002
112019
112036
112053
112070
112087
112104
112121
112138
112155
112172
112189
112206
112223
112240
112257
112274
112291
112308
112325
112342
112359
112376
112393
112410
112427
112444
112461
112478
112495
112512
112529
112546
112563
112580
112597
112614
112631
112648
112665
112682
112699
112716
112733
112750
112767
112784
112801
112818
112835
112852
112869
112886
112903
112920
112937
112954
112971
112988
113005
113022
113039
113056
113073
113090
113107
113124
113141
113158
113175
113192
113209
113226
113243
113260
113277
113294
113311
113328
113345
113362
113379
113396
113413
113430
113447
113464
113481
113498
113515
113532
113549
113566
113583
113600
113617
113634
113651
113668
113685
113702
113719
113736
113753
113770
113787
113804
113821
113838
113855
113872
113889
113906
113923
113940
113957
113974
113991
114008
114025
114042
114059
114076
114093
114110
114127
114144
114161
114178
114195
114212
114229
114246
114263
114280
114297
114314
114331
114348
114365
114382
114399
114416
114433
114450
114467
114484
114501
114518
114535
114552
114569
114586
114603
114620
114637
114654
114671
114688
114705
114722
114739
114756
114773
114790
114807
114824
114841
114858
114875
114892
114909
114926
114943
114960
114977
114994
115011
115028
115045
115062
115079
115096
115113
115130
115147
115164
115181
115198
115215
115232
115249
115266
115283
115300
115317
115334
115351
115368
115385
115402
115419
115436
115453
115470
115487
115504
115521
115538
115555
115572
115589
115606
115623
115640
115657
115674
115691
115708
115725
115742
115759
115776
115793
115810
115827
115844
115861
115878
115895
115912
115929
115946
115963
115980
115997
116014
116031
116048
116065
116082
116099
116116
116133
116150
116167
116184
116201
116218
116235
116252
116269
116286
116303
116320
116337
116354
116371
116388
116405
116422
116439
116456
116473
116490
116507
116524
116541
116558
116575
116592
116609
116626
116643
116660
116677
116694
116711
116728
116745
116762
116779
116796
116813
116830
116847
116864
116881
116898
116915
116932
116949
116966
116983
117000
117017
117034
117051
117068
117085
117102
117119
117136
117153
117170
117187
117204
117221
117238
117255
117272
117289
117306
117323
117340
117357
117374
117391
117408
117425
117442
117459
117476
117493
117510
117527
117544
117561
117578
117595
117612
117629
117646
117663
117680
117697
117714
117731
117748
117765
117782
117799
117816
117833
117850
117867
117884
117901
117918
117935
117952
117969
117986
118003
118020
118037
118054
118071
118088
118105
118122
118139
118156
118173
118190
118207
118224
118241
118258
118275
118292
118309
118326
118343
118360
118377
118394
118411
118428
118445
118462
118479
118496
118513
118530
118547
118564
118581
118598
118615
118632
118649
118666
118683
118700
118717
118734
118751
118768
118785
118802
118819
118836
118853
118870
118887
118904
118921
118938
118955
118972
118989
119006
119023
119040
119057
119074
119091
119108
119125
119142
119159
119176
119193
119210
119227
119244
119261
119278
119295
119312
119329
119346
119363
119380
119397
119414
119431
119448
119465
119482
119499
119516
119533
119550
119567
119584
119601
119618
119635
119652
119669
119686
119703
119720
119737
119754
119771
119788
119805
119822
119839
119856
119873
119890
119907
119924
119941
119958
119975
119992
120009
120026
120043
120060
120077
120094
120111
120128
120145
120162
120179
120196
120213
120230
120247
120264
120281
120298
120315
120332
120349
120366
120383
120400
120417
120434
120451
120468
120485
120502
120519
120536
120553
120570
120587
120604
120621
120638
120655
120672
120689
120706
120723
120740
120757
120774
120791
120808
120825
120842
120859
120876
120893
120910
120927
120944
120961
120978
120995
121012
121029
121046
121063
121080
121097
121114
121131
121148
121165
121182
121199
121216
121233
121250
121267
121284
121301
121318
121335
121352
121369
121386
121403
121420
121437
121454
121471
121488
121505
121522
121539
121556
121573
121590
121607
121624
121641
121658
121675
121692
121709
121726
121743
121760
121777
121794
121811
121828
121845
121862
121879
121896
121913
121930
121947
121964
121981
121998
122015
122032
122049
122066
122083
122100
122117
122134
122151
122168
122185
122202
122219
122236
122253
122270
122287
122304
122321
122338
122355
122372
122389
122406
122423
122440
122457
122474
122491
122508
122525
122542
122559
122576
122593
122610
122627
122644
122661
122678
122695
122712
122729
122746
122763
122780
122797
122814
122831
122848
122865
122882
122899
122916
122933
122950
122967
122984
123001
123018
123035
123052
123069
123086
123103
123120
123137
123154
123171
123188
123205
123222
123239
123256
123273
123290
123307
123324
123341
123358
123375
123392
123409
123426
123443
123460
123477
123494
123511
123528
123545
123562
123579
123596
123613
123630
123647
123664
123681
123698
123715
123732
123749
123766
123783
123800
123817
123834
123851
123868
123885
123902
123919
123936
123953
123970
123987
124004
124021
124038
124055
124072
124089
124106
124123
124140
124157
124174
124191
124208
124225
124242
124259
124276
124293
124310
124327
124344
124361
124378
124395
124412
124429
124446
124463
124480
124497
124514
124531
124548
124565
124582
124599
124616
124633
124650
124667
124684
124701
124718
124735
124752
124769
124786
124803
124820
124837
124854
124871
124888
124905
124922
124939
124956
124973
124990
125007
125024
125041
125058
125075
125092
125109
125126
125143
125160
125177
125194
125211
125228
125245
125262
125279
125296
125313
125330
125347
125364
125381
125398
125415
125432
125449
125466
125483
125500
125517
125534
125551
125568
125585
125602
125619
125636
125653
125670
125687
125704
125721
125738
125755
125772
125789
125806
125823
125840
125857
125874
125891
125908
125925
125942
125959
125976
125993
126010
126027
126044
126061
126078
126095
126112
126129
126146
126163
126180
126197
126214
126231
126248
126265
126282
126299
126316
126333
126350
126367
126384
126401
126418
126435
126452
126469
126486
126503
126520
126537
126554
126571
126588
126605
126622
126639
126656
126673
126690
126707
126724
126741
126758
126775
126792
126809
126826
126843
126860
126877
126894
126911
126928
126945
126962
126979
126996
127013
127030
127047
127064
127081
127098
127115
127132
127149
127166
127183
127200
127217
127234
127251
127268
127285
127302
127319
127336
127353
127370
127387
127404
127421
127438
127455
127472
127489
127506
127523
127540
127557
127574
127591
127608
127625
127642
127659
127676
127693
127710
127727
127744
127761
127778
127795
127812
127829
127846
127863
127880
127897
127914
127931
127948
127965
127982
127999
128016
128033
128050
128067
128084
128101
128118
128135
128152
128169
128186
128203
128220
128237
128254
128271
128288
128305
128322
128339
128356
128373
128390
128407
128424
128441
128458
128475
128492
128509
128526
128543
128560
128577
128594
128611
128628
128645
128662
128679
128696
128713
128730
128747
128764
128781
128798
128815
128832
128849
128866
128883
128900
128917
128934
128951
128968
128985
129002
129019
129036
129053
129070
129087
129104
129121
129138
129155
129172
129189
129206
129223
129240
129257
129274
129291
129308
129325
129342
129359
129376
129393
129410
129427
129444
129461
129478
129495
129512
129529
129546
129563
129580
129597
129614
129631
129648
129665
129682
129699
129716
129733
129750
129767
129784
129801
129818
129835
129852
129869
129886
129903
129920
129937
129954
129971
129988
130005
130022
130039
130056
130073
130090
130107
130124
130141
130158
130175
130192
130209
130226
130243
130260
130277
130294
130311
130328
130345
130362
130379
130396
130413
130430
130447
130464
130481
130498
130515
130532
130549
130566
130583
130600
130617
130634
130651
130668
130685
130702
130719
130736
130753
130770
130787
130804
130821
130838
130855
130872
130889
130906
130923
130940
130957
130974
130991
131008
131025
131042
131059
131076
131093
131110
131127
131144
131161
131178
131195
131212
131229
131246
131263
131280
131297
131314
131331
131348
131365
131382
131399
131416
131433
131450
131467
131484
131501
131518
131535
131552
131569
131586
131603
131620
131637
131654
131671
131688
131705
131722
131739
131756
131773
131790
131807
131824
131841
131858
131875
131892
131909
131926
131943
131960
131977
131994
132011
132028
132045
132062
132079
132096
132113
132130
132147
132164
132181
132198
132215
132232
132249
132266
132283
132300
132317
132334
132351
132368
132385
132402
132419
132436
132453
132470
132487
132504
132521
132538
132555
132572
132589
132606
132623
132640
132657
132674
132691
132708
132725
132742
132759
132776
132793
132810
132827
132844
132861
132878
132895
132912
132929
132946
132963
132980
132997
133014
133031
133048
133065
133082
133099
133116
133133
133150
133167
133184
133201
133218
133235
133252
133269
133286
133303
133320
133337
133354
133371
133388
133405
133422
133439
133456
133473
133490
133507
133524
133541
133558
133575
133592
133609
133626
133643
133660
133677
133694
133711
133728
133745
133762
133779
133796
133813
133830
133847
133864
133881
133898
133915
133932
133949
133966
133983
134000
134017
134034
134051
134068
134085
134102
134119
134136
134153
134170
134187
134204
134221
134238
134255
134272
134289
134306
134323
134340
134357
134374
134391
134408
134425
134442
134459
134476
134493
134510
134527
134544
134561
134578
134595
134612
134629
134646
134663
134680
134697
134714
134731
134748
134765
134782
134799
134816
134833
134850
134867
134884
134901
134918
134935
134952
134969
134986
135003
135020
135037
135054
135071
135088
135105
135122
135139
135156
135173
135190
135207
135224
135241
135258
135275
135292
135309
135326
135343
135360
135377
135394
135411
135428
135445
135462
135479
135496
135513
135530
135547
135564
135581
135598
135615
135632
135649
135666
135683
135700
135717
135734
135751
135768
135785
135802
135819
135836
135853
135870
135887
135904
135921
135938
135955
135972
135989
136006
136023
136040
136057
136074
136091
136108
136125
136142
136159
136176
136193
136210
136227
136244
136261
136278
136295
136312
136329
136346
136363
136380
136397
136414
136431
136448
136465
136482
136499
136516
136533
136550
136567
136584
136601
136618
136635
136652
136669
136686
136703
136720
136737
136754
136771
136788
136805
136822
136839
136856
136873
136890
136907
136924
136941
136958
136975
136992
137009
137026
137043
137060
137077
137094
137111
137128
137145
137162
137179
137196
137213
137230
137247
137264
137281
137298
137315
137332
137349
137366
137383
137400
137417
137434
137451
137468
137485
137502
137519
137536
137553
137570
137587
137604
137621
137638
137655
137672
137689
137706
137723
137740
137757
137774
137791
137808
137825
137842
137859
137876
137893
137910
137927
137944
137961
137978
137995
138012
138029
138046
138063
138080
138097
138114
138131
138148
138165
138182
138199
138216
138233
138250
138267
138284
138301
138318
138335
138352
138369
138386
138403
138420
138437
138454
138471
138488
138505
138522
138539
138556
138573
138590
138607
138624
138641
138658
138675
138692
138709
138726
138743
138760
138777
138794
138811
138828
138845
138862
138879
138896
138913
138930
138947
138964
138981
138998
139015
139032
139049
139066
139083
139100
139117
139134
139151
139168
139185
139202
139219
139236
139253
139270
139287
139304
139321
139338
139355
139372
139389
139406
139423
139440
139457
139474
139491
139508
139525
139542
139559
139576
139593
139610
139627
139644
139661
139678
139695
139712
139729
139746
139763
139780
139797
139814
139831
139848
139865
139882
139899
139916
139933
139950
139967
139984
140001
140018
140035
140052
140069
140086
140103
140120
140137
140154
140171
140188
140205
140222
140239
140256
140273
140290
140307
140324
140341
140358
140375
140392
140409
140426
140443
140460
140477
140494
140511
140528
140545
140562
140579
140596
140613
140630
140647
140664
140681
140698
140715
140732
140749
140766
140783
140800
140817
140834
140851
140868
140885
140902
140919
140936
140953
140970
140987
141004
141021
141038
141055
141072
141089
141106
141123
141140
141157
141174
141191
141208
141225
141242
141259
141276
141293
141310
141327
141344
141361
141378
141395
141412
141429
141446
141463
141480
141497
141514
141531
141548
141565
141582
141599
141616
141633
141650
141667
141684
141701
141718
141735
141752
141769
141786
141803
141820
141837
141854
141871
141888
141905
141922
141939
141956
141973
141990
142007
142024
142041
142058
142075
142092
142109
142126
142143
142160
142177
142194
142211
142228
142245
142262
142279
142296
142313
142330
142347
142364
142381
142398
142415
142432
142449
142466
142483
142500
142517
142534
142551
142568
142585
142602
142619
142636
142653
142670
142687
142704
142721
142738
142755
142772
142789
142806
142823
142840
142857
142874
142891
142908
142925
142942
142959
142976
142993
143010
143027
143044
143061
143078
143095
143112
143129
143146
143163
143180
143197
143214
143231
143248
143265
143282
143299
143316
143333
143350
143367
143384
143401
143418
143435
143452
143469
143486
143503
143520
143537
143554
143571
143588
143605
143622
143639
143656
143673
143690
143707
143724
143741
143758
143775
143792
143809
143826
143843
143860
143877
143894
143911
143928
143945
143962
143979
143996
144013
144030
144047
144064
144081
144098
144115
144132
144149
144166
144183
144200
144217
144234
144251
144268
144285
144302
144319
144336
144353
144370
144387
144404
144421
144438
144455
144472
144489
144506
144523
144540
144557
144574
144591
144608
144625
144642
144659
144676
144693
144710
144727
144744
144761
144778
144795
144812
144829
144846
144863
144880
144897
144914
144931
144948
144965
144982
144999
145016
145033
145050
145067
145084
145101
145118
145135
145152
145169
145186
145203
145220
145237
145254
145271
145288
145305
145322
145339
145356
145373
145390
145407
145424
145441
145458
145475
145492
145509
145526
145543
145560
145577
145594
145611
145628
145645
145662
145679
145696
145713
145730
145747
145764
145781
145798
145815
145832
145849
145866
145883
145900
145917
145934
145951
145968
145985
146002
146019
146036
146053
146070
146087
146104
146121
146138
146155
146172
146189
146206
146223
146240
146257
146274
146291
146308
146325
146342
146359
146376
146393
146410
146427
146444
146461
146478
146495
146512
146529
146546
146563
146580
146597
146614
146631
146648
146665
146682
146699
146716
146733
146750
146767
146784
146801
146818
146835
146852
146869
146886
146903
146920
146937
146954
146971
146988
147005
147022
147039
147056
147073
147090
147107
147124
147141
147158
147175
147192
147209
147226
147243
147260
147277
147294
147311
147328
147345
147362
147379
147396
147413
147430
147447
147464
147481
147498
147515
147532
147549
147566
147583
147600
147617
147634
147651
147668
147685
147702
147719
147736
147753
147770
147787
147804
147821
147838
147855
147872
147889
147906
147923
147940
147957
147974
147991
148008
148025
148042
148059
148076
148093
148110
148127
148144
148161
148178
148195
148212
148229
148246
148263
148280
148297
148314
148331
148348
148365
148382
148399
148416
148433
148450
148467
148484
148501
148518
148535
148552
148569
148586
148603
148620
148637
148654
148671
148688
148705
148722
148739
148756
148773
148790
148807
148824
148841
148858
148875
148892
148909
148926
148943
148960
148977
148994
149011
149028
149045
149062
149079
149096
149113
149130
149147
149164
149181
149198
149215
149232
149249
149266
149283
149300
149317
149334
149351
149368
149385
149402
149419
149436
149453
149470
149487
149504
149521
149538
149555
149572
149589
149606
149623
149640
149657
149674
149691
149708
149725
149742
149759
149776
149793
149810
149827
149844
149861
149878
149895
149912
149929
149946
149963
149980
149997
150014
150031
150048
150065
150082
150099
150116
150133
150150
150167
150184
150201
150218
150235
150252
150269
150286
150303
150320
150337
150354
150371
150388
150405
150422
150439
150456
150473
150490
150507
150524
150541
150558
150575
150592
150609
150626
150643
150660
150677
150694
150711
150728
150745
150762
150779
150796
150813
150830
150847
150864
150881
150898
150915
150932
150949
150966
150983
151000
151017
151034
151051
151068
151085
151102
151119
151136
151153
151170
151187
151204
151221
151238
151255
151272
151289
151306
151323
151340
151357
151374
151391
151408
151425
151442
151459
151476
151493
151510
151527
151544
151561
151578
151595
151612
151629
151646
151663
151680
151697
151714
151731
151748
151765
151782
151799
151816
151833
151850
151867
151884
151901
151918
151935
151952
151969
151986
152003
152020
152037
152054
152071
152088
152105
152122
152139
152156
152173
152190
152207
152224
152241
152258
152275
152292
152309
152326
152343
152360
152377
152394
152411
152428
152445
152462
152479
152496
152513
152530
152547
152564
152581
152598
152615
152632
152649
152666
152683
152700
152717
152734
152751
152768
152785
152802
152819
152836
152853
152870
152887
152904
152921
152938
152955
152972
152989
153006
153023
153040
153057
153074
153091
153108
153125
153142
153159
153176
153193
153210
153227
153244
153261
153278
153295
153312
153329
153346
153363
153380
153397
153414
153431
153448
153465
153482
153499
153516
153533
153550
153567
153584
153601
153618
153635
153652
153669
153686
153703
153720
153737
153754
153771
153788
153805
153822
153839
153856
153873
153890
153907
153924
153941
153958
153975
153992
154009
154026
154043
154060
154077
154094
154111
154128
154145
154162
154179
154196
154213
154230
154247
154264
154281
154298
154315
154332
154349
154366
154383
154400
154417
154434
154451
154468
154485
154502
154519
154536
154553
154570
154587
154604
154621
154638
154655
154672
154689
154706
154723
154740
154757
154774
154791
154808
154825
154842
154859
154876
154893
154910
154927
154944
154961
154978
154995
155012
155029
155046
155063
155080
155097
155114
155131
155148
155165
155182
155199
155216
155233
155250
155267
155284
155301
155318
155335
155352
155369
155386
155403
155420
155437
155454
155471
155488
155505
155522
155539
155556
155573
155590
155607
155624
155641
155658
155675
155692
155709
155726
155743
155760
155777
155794
155811
155828
155845
155862
155879
155896
155913
155930
155947
155964
155981
155998
156015
156032
156049
156066
156083
156100
156117
156134
156151
156168
156185
156202
156219
156236
156253
156270
156287
156304
156321
156338
156355
156372
156389
156406
156423
156440
156457
156474
156491
156508
156525
156542
156559
156576
156593
156610
156627
156644
156661
156678
156695
156712
156729
156746
156763
156780
156797
156814
156831
156848
156865
156882
156899
156916
156933
156950
156967
156984
157001
157018
157035
157052
157069
157086
157103
157120
157137
157154
157171
157188
157205
157222
157239
157256
157273
157290
157307
157324
157341
157358
157375
157392
157409
157426
157443
157460
157477
157494
157511
157528
157545
157562
157579
157596
157613
157630
157647
157664
157681
157698
157715
157732
157749
157766
157783
157800
157817
157834
157851
157868
157885
157902
157919
157936
157953
157970
157987
158004
158021
158038
158055
158072
158089
158106
158123
158140
158157
158174
158191
158208
158225
158242
158259
158276
158293
158310
158327
158344
158361
158378
158395
158412
158429
158446
158463
158480
158497
158514
158531
158548
158565
158582
158599
158616
158633
158650
158667
158684
158701
158718
158735
158752
158769
158786
158803
158820
158837
158854
158871
158888
158905
158922
158939
158956
158973
158990
159007
159024
159041
159058
159075
159092
159109
159126
159143
159160
159177
159194
159211
159228
159245
159262
159279
159296
159313
159330
159347
159364
159381
159398
159415
159432
159449
159466
159483
159500
159517
159534
159551
159568
159585
159602
159619
159636
159653
159670
159687
159704
159721
159738
159755
159772
159789
159806
159823
159840
159857
159874
159891
159908
159925
159942
159959
159976
159993
160010
160027
160044
160061
160078
160095
160112
160129
160146
160163
160180
160197
160214
160231
160248
160265
160282
160299
160316
160333
160350
160367
160384
160401
160418
160435
160452
160469
160486
160503
160520
160537
160554
160571
160588
160605
160622
160639
160656
160673
160690
160707
160724
160741
160758
160775
160792
160809
160826
160843
160860
160877
160894
160911
160928
160945
160962
160979
160996
161013
161030
161047
161064
161081
161098
161115
161132
161149
161166
161183
161200
161217
161234
161251
161268
161285
161302
161319
161336
161353
161370
161387
161404
161421
161438
161455
161472
161489
161506
161523
161540
161557
161574
161591
161608
161625
161642
161659
161676
161693
161710
161727
161744
161761
161778
161795
161812
161829
161846
161863
161880
161897
161914
161931
161948
161965
161982
161999
162016
162033
162050
162067
162084
162101
162118
162135
162152
162169
162186
162203
162220
162237
162254
162271
162288
162305
162322
162339
162356
162373
162390
162407
162424
162441
162458
162475
162492
162509
162526
162543
162560
162577
162594
162611
162628
162645
162662
162679
162696
162713
162730
162747
162764
162781
162798
162815
162832
162849
162866
162883
162900
162917
162934
162951
162968
162985
163002
163019
163036
163053
163070
163087
163104
163121
163138
163155
163172
163189
163206
163223
163240
163257
163274
163291
163308
163325
163342
163359
163376
163393
163410
163427
163444
163461
163478
163495
163512
163529
163546
163563
163580
163597
163614
163631
163648
163665
163682
163699
163716
163733
163750
163767
163784
163801
163818
163835
163852
163869
163886
163903
163920
163937
163954
163971
163988
164005
164022
164039
164056
164073
164090
164107
164124
164141
164158
164175
164192
164209
164226
164243
164260
164277
164294
164311
164328
164345
164362
164379
164396
164413
164430
164447
164464
164481
164498
164515
164532
164549
164566
164583
164600
164617
164634
164651
164668
164685
164702
164719
164736
164753
164770
164787
164804
164821
164838
164855
164872
164889
164906
164923
164940
164957
164974
164991
165008
165025
165042
165059
165076
165093
165110
165127
165144
165161
165178
165195
165212
165229
165246
165263
165280
165297
165314
165331
165348
165365
165382
165399
165416
165433
165450
165467
165484
165501
165518
165535
165552
165569
165586
165603
165620
165637
165654
165671
165688
165705
165722
165739
165756
165773
165790
165807
165824
165841
165858
165875
165892
165909
165926
165943
165960
165977
165994
166011
166028
166045
166062
166079
166096
166113
166130
166147
166164
166181
166198
166215
166232
166249
166266
166283
166300
166317
166334
166351
166368
166385
166402
166419
166436
166453
166470
166487
166504
166521
166538
166555
166572
166589
166606
166623
166640
166657
166674
166691
166708
166725
166742
166759
166776
166793
166810
166827
166844
166861
166878
166895
166912
166929
166946
166963
166980
166997
167014
167031
167048
167065
167082
167099
167116
167133
167150
167167
167184
167201
167218
167235
167252
167269
167286
167303
167320
167337
167354
167371
167388
167405
167422
167439
167456
167473
167490
167507
167524
167541
167558
167575
167592
167609
167626
167643
167660
167677
167694
167711
167728
167745
167762
167779
167796
167813
167830
167847
167864
167881
167898
167915
167932
167949
167966
167983
168000
168017
168034
168051
168068
168085
168102
168119
168136
168153
168170
168187
168204
168221
168238
168255
168272
168289
168306
168323
168340
168357
168374
168391
168408
168425
168442
168459
168476
168493
168510
168527
168544
168561
168578
168595
168612
168629
168646
168663
168680
168697
168714
168731
168748
168765
168782
168799
168816
168833
168850
168867
168884
168901
168918
168935
168952
168969
168986
169003
169020
169037
169054
169071
169088
169105
169122
169139
169156
169173
169190
169207
169224
169241
169258
169275
169292
169309
169326
169343
169360
169377
169394
169411
169428
169445
169462
169479
169496
169513
169530
169547
169564
169581
169598
169615
169632
169649
169666
169683
169700
169717
169734
169751
169768
169785
169802
169819
169836
169853
169870
169887
169904
169921
169938
169955
169972
169989
170006