2710719
3875322
210838
4850365
2179378
1953579
748490
4711105
1799264
3036185
4246796
4655416
4862568
2588226
373449
3318116
2517959
3529517
3668409
1403369
551139
1654956
19522
3331496
768692
4547521
3986089
3296301
1170512
1492445
1771189
4179198
3702033
2401539
3225570
575060
855972
2359884
637247
1197990
1326577
2668035
4334885
696544
4180258
623216
4902676
3308211
1884947
1734322
2985643
433286
2255636
3836805
4840323
3898442
1697949
2099620
2698986
858155
341263
2557192
1082679
992930
3302499
3916238
4892110
2463399
4374385
2336950
4601714
4171332
1477151
2233863
248322
3917317
2907620
4242449
2906578
4379468
4703672
2916939
58279
851520
4945242
3646682
1583246
1456549
244477
4946611
944985
1380040
3130960
2387351
4116087
3855377
3310249
1030589
2300207
2298
2508493
3714574
658169
2903775
4457054
3694346
1580793
937195
1971298
431048
1714073
3740018
1281003
936858
4388226
3424158
3502633
3888527
1350966
1097984
3483400
1423633
1105677
336200
3221959
2599087
1168201
224976
2988823
4255286
4468696
2189074
1690347
2577976
2891303
796026
594338
4290222
868894
4043031
3789839
163833
911547
366250
420833
4770372
4429518
2619681
354420
1732806
1005902
1159262
3881267
513188
2567255
3560815
638119
1965683
754433
1394595
1202657
3466843
3788382
4825522
1497024
885143
1181391
4092891
1460064
2095640
4525827
1527691
3939935
2631433
1542990
240377
1272909
2228846
4782626
875535
1153711
1050982
2354924
4474754
2091696
2642703
4363469
1358594
4757349
1934792
2002291
1673613
2509371
2346002
3530580
2774175
1509952
175887
4703687
3848068
1999498
429997
2083455
4138893
2823368
157084
3743268
625057
1107491
3291066
1423439
57515
2411728
3418257
1944482
4586353
337781
3498934
808515
3178244
1777525
1602258
1989171
1255955
3728666
1653949
3104654
1409115
4477854
3598086
131169
4912250
22870
2190223
229795
1478177
978364
2088085
3702994
2149606
306711
4405966
1421355
1075833
2467465
4369835
11782
683823
2901045
2280893
3632779
1623354
83275
1571124
4740501
3541690
4729649
2866178
1864865
3094380
2335823
4698589
962354
359296
2189943
2845348
187589
4379273
4228144
1632665
4066540
2580430
961630
4893068
3175690
726717
2151695
3488985
4817450
2697535
2229860
3002312
1781500
1764519
4869914
4783570
106796
1144579
1916788
3324035
2953632
2595285
1142471
2113083
1617871
419356
4968609
900558
2371961
4720267
121047
1965835
1276102
886683
136938
1731546
1043071
1690684
1239957
1970623
1330467
2474727
4376438
2454651
3010599
4854287
1027990
1172625
4268366
1484021
3516055
1645798
923040
197211
1258745
3733185
2825610
2177104
1891080
4572595
4323730
3993130
1626086
2633488
3701748
2826642
1708657
1479707
3097630
4723641
2018128
4245632
2712837
238953
380319
1579386
3047330
55926
2506997
1901269
2700685
3415763
76046
4557325
1810996
3888128
3928474
3994518
1513016
966241
1013025
967349
987236
4012714
2185489
2709131
4299274
2025527
418533
3099442
700412
1553720
3702388
2080704
1123812
2067658
4333268
820969
3999041
2764320
4972393
4774145
2152958
1061472
1801997
4145758
4479280
1437898
780445
772828
4635117
2529107
3506782
1272570
812867
1415824
2989963
1863329
1504988
4992270
4436028
460165
1332396
2421886
3906356
59044
4003732
2620237
4841607
1241900
2908503
1071506
105318
4432889
2734517
1062625
1072073
1467388
4406249
4253885
2019640
466487
58748
2101481
4973877
1198052
1556933
1946911
1512841
538614
4691006
1627738
2686058
3100535
556867
4328270
1093445
3667408
1899433
4015032
784430
2461863
1975608
1438799
2999394
946082
1399943
2098650
4204789
578571
3741427
3616987
121756
2490828
3669947
4131689
473369
2267417
4520699
3468443
2463167
586156
439235
2122848
3200673
1800492
4794452
1504044
3945563
3796711
4514550
2244237
2854780
1130046
1507384
2350044
3814671
993504
574726
378446
1088580
1437166
3880160
3628586
2315008
4638718
3799165
3859477
2204094
3422779
3454075
1208841
4834144
106026
3146945
4446244
3654742
2378375
940083
4007261
4233385
1267214
686929
2450321
4494821
3705173
4468973
2171451
2495969
2248790
728710
4814403
3898988
3128907
1783814
1570605
3336278
271218
4189781
2078258
935448
3513712
4414808
1767788
3952289
3683794
1679946
738218
507326
4265646
3949237
1027875
1733796
218216
1492812
4125896
3581277
4866832
1311976
2672434
264718
2840041
442909
686139
1227041
1160517
3623801
2394728
4719827
1439884
4349848
1822532
59355
3968283
259623
4326408
4654646
4248968
324659
1581622
359755
4888452
1462317
4898500
2419968
4202202
88829
142390
988505
2718164
1338367
1556805
4109767
1655996
587614
2986747
1360661
4881536
2465484
3402720
4262250
3741039
963483
722318
3390780
2511904
3639931
3196577
4303186
2911537
558864
4440651
2239539
1212333
1463727
2232580
3927536
3561735
1870070
898398
4869131
2038083
1956229
3204022
666179
1082996
1026589
3291462
3428221
4071008
3145107
2696152
4405521
4650751
1620080
2668309
3138478
1937442
2015016
2575100
2058090
2969393
4964725
4878510
2297193
2126477
4299216
833701
4195305
2863636
3947724
4486149
1910441
1972034
1823887
3518923
543924
751028
1170925
1308834
2629710
685577
1088482
431700
959801
1108129
2152236
242141
4075236
4988551
1333315
4989852
3053617
4279403
4247926
1844835
4363490
3089224
2826020
1215981
2251231
4779428
40915
4755631
4242918
4157814
1983984
2860679
4430095
965281
3287908
2372561
3395451
2157983
3551631
4042073
3227993
3095673
3840547
4006442
2911060
4326962
1698464
4597957
3702045
1864772
3882727
3356461
337872
4031362
4470333
3862879
2467269
4055772
2106335
2815072
3291830
224513
3435005
694702
2288200
4892063
2143188
2263000
1730552
4955077
4541547
1098986
1888291
1435242
4096297
4880128
1349489
998535
1507217
4077819
4383839
2402399
3993948
1313362
4084457
1971615
1254066
1129792
3246928
2833055
2414788
3749211
4346381
2471816
2496520
3192965
4396370
2848465
4816210
2805819
290681
2137186
2355148
1043659
3311180
1450265
4560082
1086050
1797808
3114090
1317420
1504003
880366
4913824
1283113
1446292
2544735
4504387
4441492
4819667
4148980
3537618
2300118
4617318
588255
3693488
324456
2720783
2704674
215579
4398002
4833022
2708978
1209687
3216581
2173824
1634439
3654249
292786
3118486
4374851
2930879
1089733
750560
3160124
4270765
4191521
177592
2874216
385234
4508025
3533212
2574692
3154841
1420456
2374659
2739617
213915
2605614
108496
4260267
2684386
1345864
4666404
3301463
975945
49067
2661774
2272585
109311
3800732
3054045
1507296
4148842
4610351
4230039
358462
4067751
74778
1515586
1861175
1086704
3212533
626719
1407573
173975
1208208
655478
3268614
4199663
3402225
1391373
4918947
2478025
1171368
54578
3311005
3617052
2377809
1501880
3249734
196542
55078
4758526
1241785
287375
2451006
4389866
594472
2243957
3228710
3247669
3787584
1968257
3606234
4362720
3569467
2750320
3766945
1610245
3632577
4085966
4273858
2399816
91836
1874038
2399718
2377708
144247
3387380
3752972
1169026
2901489
4768971
3927138
3273660
792708
466194
4364679
2446303
2079469
908600
2344987
3395927
670263
1703977
2079743
3733668
2594569
4637257
22446
1408179
3627784
4212830
4902199
137927
3229418
2833802
3346070
920278
3179801
373429
2918190
2788272
302143
2200009
3748774
4903578
3838516
4011991
382109
843065
1546306
4144471
1301771
3258858
3297041
1585996
3346677
1543854
2701556
4819270
3255244
3375811
1325966
255937
4091299
4724942
1406114
3866539
1516044
568179
2438583
1064707
2499150
2786503
4773476
134621
4576132
4324573
2726653
4920130
1376725
3045629
1323098
4916916
1933131
781043
4773952
3053006
2465426
615299
2269167
4914826
1887312
2382586
2502920
1219997
4787035
2961503
3707608
2935101
4437659
4319113
1439877
1373442
1372286
2251530
471699
1848554
127505
4681993
4786772
2527671
748610
1896686
3924010
2477299
100783
3123382
2351098
4832852
4797482
4670118
4424367
2731194
264716
4248027
3235624
2194196
4373938
4975168
4038848
243491
699225
1733658
370487
3917271
2102610
224126
2637761
3146773
2104417
2194082
3519851
4721306
3027832
2954448
2637286
1355577
1260939
1881398
4177778
1120896
3003920
2434971
3354088
3654521
3596309
3912300
1958756
3931724
1572989
2654260
4381965
4451714
4706072
4585195
3505026
2914276
4479902
4632101
3794978
3935362
408840
3939179
1117624
2225807
1211276
1392103
4761154
3265577
4333491
2634936
4434396
1790711
2043864
1421990
2893070
773612
822975
3661039
2173358
2831656
3616783
932032
4925811
3739645
1806765
999551
1841176
3112078
4287543
2190021
4257193
2947092
939866
4920937
3603182
2911034
1018833
1265656
3222513
828328
2549947
2080512
3295532
3444318
1080279
4899083
900692
28278
4290078
146281
2196668
490188
4992956
3506343
2129064
429049
4687213
1728092
4986095
1590906
489841
1006369
67915
4362479
1770155
3382304
2301889
4793920
3719580
3441029
843495
1528218
2636406
1978706
2884247
2789079
3453152
3471311
3103215
4451132
4834117
3879902
498689
1137883
1432281
1376941
3687646
421913
2388970
74052
3421306
3437194
2717406
4607294
86460
2878840
4254671
3044692
2802661
4026307
3622592
3340501
637978
938146
3426234
3364082
508495
3174279
3658119
15157
2986642
3270433
992714
2588562
498162
3450043
563129
3269206
1468426
1066114
758969
1272444
4789805
258468
4818196
3635102
3250351
2994963
2715417
916041
282254
1479656
3908817
4864745
1076092
1341029
2873177
2210403
2757962
970707
2196257
1609410
1220402
8266
1341376
4459400
3657857
3053775
2712497
4006310
3700063
1484567
3170606
621320
692477
215914
928615
3930631
2304857
4260131
1443999
2056770
2483441
1897364
2258404
1683271
4960450
4554886
1912425
3234474
4628283
2691677
76481
4818936
837315
3217754
3437242
378054
4392100
1630203
3438804
2087970
2842706
3815357
4865565
1099307
2604828
734721
2773802
2486589
257838
869581
2829235
2496388
1278208
1676649
4819084
2086002
786719
121577
4303868
2475403
4342166
1793547
3672764
458717
4591545
3404918
3177038
3475662
691853
4360547
1243958
2832077
2485911
4268183
214169
2054635
3008704
2895630
4553393
4588546
3301729
4544436
188139
4042579
4597425
4119948
4937310
3785006
199560
215476
774247
430730
681551
1446591
4135845
1841589
3269063
2753090
958222
2570085
4307314
1418283
1820972
755628
121633
353418
3727288
158410
3422299
3406132
3925649
1343260
4009895
1856188
4401817
4790003
4461879
897634
2648685
4793728
2900209
4915784
1625150
1680554
3696538
4305503
2355985
4859074
849057
3581025
3287055
3177742
3935494
321527
2742473
2355010
3912741
182202
3725133
1167757
2547043
671126
577053
1009102
934708
2352011
2640274
1423463
118150
3463885
1578317
1740010
2714829
4198796
3738005
2454065
2663724
766606
669522
1578634
748669
1989111
1026341
2158030
3063421
4847850
4521250
3321811
140375
3037258
4953835
4084023
1247371
1188506
3472042
3099357
996347
1091906
892138
2286196
2602898
3134835
4116819
1674867
1016401
2875553
3365056
4618657
101176
1871855
2959871
3255760
4016781
271977
3188196
59178
783627
4776618
2177098
1092579
2392106
4563806
1309863
3637198
294535
2331618
3237259
1385740
756977
4437640
1165045
4824286
4215760
1185270
1260946
3896796
1405489
2085934
3578963
2676863
516465
2986984
3822441
1731672
3513030
2002843
4850144
2096675
4748901
4677403
593941
4186934
3879891
584028
4963158
67284
2296140
489364
2997012
2060319
583753
2867967
4843783
3665385
1969714
2574908
3507871
304555
1744544
1352596
2214050
4800334
2694989
2289947
3542247
376679
35867
982384
3132589
4251392
4681086
1074975
514072
4624913
1368006
3276901
3137162
2362702
3938764
658579
4539482
3412122
50041
1947531
882612
557209
3466414
2176871
3766925
667363
4836627
4675002
2146048
1610004
4139583
2484462
2364362
870080
4370433
2761228
4750559
582020
404681
3693083
708199
4452791
2328886
3236319
1287576
1213888
2481725
1361346
2999537
564033
1323571
2871121
2573584
2620209
4199927
2184797
3841328
1521672
4072126
2150594
2128899
4254931
1697596
4742084
380840
4427623
1514412
2510613
4175881
722610
565308
2427635
815316
380845
1225304
1410926
1421652
358509
2531218
3530951
1545259
1822489
3760107
1128884
1632686
2296502
4867201
1989441
509149
2403614
2719892
734160
4708413
2622864
1724790
1032897
1808596
1512672
594767
564780
3406337
3332815
709450
3529483
456501
2660405
3955040
4700213
1816210
2772699
4418431
4657349
2424478
2472997
1516758
4746905
861988
3096620
8832
4233910
2559783
3224362
539210
2811785
2438276
267727
1404003
1070281
4851043
3445872
2027871
4213432
2214425
27551
4696232
4032967
1273246
4360277
1520001
3588953
1843494
2737548
3119672
4515744
2916894
2802922
4854440
3295908
4195012
2206039
4238312
822050
4946019
4046575
1748756
4174609
1107498
2115987
4829557
2644287
917992
2465818
2919568
4780378
2584871
128549
405064
2779595
534050
13265
4210672
3601405
810211
137157
1100593
1023868
4999038
3537386
4296469
3664632
2834467
1275066
2252526
2621800
3989732
3422002
218277
2160011
3721156
3824545
17506
1601801
4560120
3720931
2159573
3272377
3697149
797223
1291680
2236540
2502037
2178411
2629473
1342918
1773599
3311818
1735135
2780477
2562002
2887979
3901456
4346617
3576982
1486747
3947076
1670764
4670463
1679221
886450
610843
1492582
3950206
3132573
2698954
2565478
3163277
1272163
1510390
3547696
767399
4723682
4492028
3821772
2307945
1778503
4197783
4403373
1397470
1648564
4248902
4891054
3694449
1901773
1557068
942767
4520700
3378272
4560401
3836807
256190
1179439
263718
621540
2639851
1418907
2616678
3934086
4988062
2477550
1732920
986324
4132330
1131780
398384
4314266
4562638
1789975
4778005
2918816
449222
1184294
4941949
18152
4564734
750658
3536085
3975939
2664162
2633717
3158909
631504
950224
910351
3210064
1149266
812079
3184014
1397569
3981869
2327897
2476841
4100001
2072189
2960500
2555001
3055485
1725779
1415518
4400901
3962915
2908237
1534790
3794792
1513477
1918097
3657048
1985825
1976311
1686246
4753552
2294839
4258003
2839343
3827248
4793863
2851644
1468676
3310477
3872043
3398719
1708206
2558147
931337
2930901
4327615
2383944
4419829
1761989
4335756
4687646
972356
3656998
838025
2383074
876398
3655106
2675711
1394882
2887263
4087895
3292268
3910412
4160858
1427575
416055
2401313
925386
510607
4976846
2450248
1870119
4280324
3907294
3438814
4730817
3031801
2664302
1999019
4164269
470509
67609
954001
3834761
3171266
4960422
1264286
3306221
2997720
3398533
3438528
696815
1624344
4655080
1042456
564691
826957
2456380
2506087
4359054
2435884
2382659
3118245
404021
2510260
2608528
3736688
4439815
4920688
854558
4805090
3161235
4128794
3458636
2316027
4112327
322842
3812793
1778045
3292119
3269036
35128
2458711
3304902
3290975
1866224
2622649
1048404
1675001
3761363
3567430
1715652
1045880
3640377
782696
1519753
1871731
1580824
2233085
1500173
2658591
4674914
2357550
552285
4492142
1681851
4027937
357172
1190802
1181014
2454788
310306
3423264
553387
2715786
244312
1401679
3607895
4233395
2983443
676767
4942927
3437123
3209507
3985750
3120130
3507284
1285271
3519589
1198667
3728199
2611591
3028970
2947600
73238
249854
3919951
747066
2489669
3793409
4524815
1138001
4748791
2552256
4674009
4606195
1088221
118424
1950989
700144
937801
4713923
1305251
2127685
627681
3450589
4937323
1724468
1874926
2012691
3941615
84668
3431060
4868458
2356148
2901562
1168412
4915242
1061727
1015516
2675373
1625637
4810037
4546365
3230042
4877479
335739
1779106
3095957
3205691
4163388
4322192
3350656
2513880
4229033
132616
2657380
2051111
4825370
4921697
2981307
733362
2599283
2335872
3313383
3140074
2090146
914998
749126
3105109
4625348
148469
895837
4735378
2566567
3185264
4331249
2242890
2150250
2488911
667380
662069
614529
4002508
3085533
2649350
2758485
305389
4280016
360181
2194760
176222
2272701
4693414
440790
4173738
1881733
3141755
2095959
4962966
1050518
877363
3838561
3016538
1832919
3278397
3272458
2759613
4679231
2154397
1905354
2595020
2254016
1285242
2058623
4282998
3901601
4672641
1986955
4287495
1824874
813626
4016664
164863
4453560
3069477
2995452
1145166
946288
4200272
2774647
93679
1926608
1565560
2156249
1592030
3718625
4186329
3423169
1017143
3112265
2627797
4538560
465517
4656125
2425853
2795035
1119267
4644819
2435902
2885103
4925674
2486837
4666602
632943
3135448
2271090
737570
1954825
2296257
677102
357342
4758056
544469
4809146
45401
275410
3991318
2524542
1601883
2829041
4911348
4601939
1688228
4049326
2788742
4875885
976882
610233
1889575
3052341
1206064
2573861
3204267
4563189
2341371
1129585
1371517
4369581
3229457
3818850
4831702
1787779
1069336
4984395
2304668
2015062
2653385
4519791
1474453
4361331
1702007
4114621
192390
475424
4764480
3314553
2839532
1001622
3411919
2455164
336086
3671437
113546
2001490
2227741
2771375
4903135
2913729
1766594
989038
1291238
1963305
3197858
973937
2728691
2929223
2547096
2072041
4081212
2375635
4202351
4535747
454625
3161674
76610
3091318
1269020
1876166
2621811
635963
3516038
4632584
4885892
4223389
669634
4995480
2256853
4513446
373067
1687043
4668090
3766265
4080342
804995
1364024
3479102
2330595
3053757
4212125
2712823
4856934
3331684
2565689
4556082
3246988
2081083
1507516
1586967
1458412
2468407
2335021
3485857
1681931
1039938
2067845
3663657
3003148
4555036
278630
1156062
3751154
622684
2216315
863889
4546515
3453653
1749421
3849965
1928668
2539412
2656574
181956
3481723
4190405
2434886
3475012
62061
3030325
266440
4922760
61220
582641
3651505
3882059
1767828
1183822
3243756
1007159
3394714
2969346
728100
2838940
4490697
4807792
18519
1201852
3287699
3879809
60947
1400834
268625
2756013
2487889
3400595
1538927
2363354
3203819
4729917
4781239
4363611
3740090
736269
2637240
2837273
546640
4911421
4586066
3668239
3919055
980617
4301409
4372655
580324
3168034
2551812
2667554
3219940
1500476
2237065
20333
1678529
1383810
2694583
3369071
1234216
2090922
876983
1121414
2467195
4608034
264031
438290
2701286
1493353
3671516
3221649
3743712
2740283
3986172
1774570
3916864
440036
3326166
961605
3175929
2600694
4422934
2425879
975284
2491414
1824937
1596155
3983944
3253680
716993
344252
3461401
4889419
1477189
280111
909898
3921654
37721
1074045
3034016
1645346
14149
3308607
2744244
4674570
4568580
2326018
2582484
4066188
2128492
4198442
1482360
1584732
2819445
580338
382620
391118
390119
3671441
237247
4769360
2402276
1492792
4046006
3609082
3650063
1290744
3829997
1177342
567768
4668353
1569787
1886970
3505830
242885
4087521
188972
1927455
1414844
2433056
759813
1730903
4676480
2474164
4971222
1219474
544536
3654192
2476775
4582455
2506705
1814903
575591
2325972
3365064
4509716
170365
1112776
2897413
390071
1471549
367121
3481090
1868301
2067510
1302003
1312649
2032058
3176488
2040513
3446779
2706806
4511059
2897483
4520492
1047105
3632170
2142244
3141228
2396804
539238
4563854
4669729
4675398
1686584
2445700
3430352
960711
2360918
3362468
3585402
1985853
4494711
4588152
124451
4076712
3555545
3128032
3584302
3048020
1938111
3318749
4662692
1455595
3354169
2777340
3383955
2404148
4868251
263581
2360979
129132
954767
167839
858660
3990335
1998983
2570345
3310451
4998307
1871626
1283480
2177211
3375890
581872
1388096
1189320
2282274
2838697
316631
313346
3170871
57896
2330266
2504339
2665596
1652894
4464855
1720544
2537773
4306673
2938864
1745084
2470246
1857565
630077
650167
575960
1552823
2430293
3937148
1390365
2213974
187244
2863114
1002604
3907934
4560598
878157
2191400
1358762
2438250
1857305
1081555
3778710
994690
3535490
1808992
985766
1700126
2019162
3426661
3704598
3196712
3828552
705327
191422
4192082
3288257
1058736
3275298
238747
1380198
4102867
3181076
2258737
2851898
1264752
3926662
1418033
1004414
3767003
3664304
1608138
3805867
2949719
870874
1915711
1360524
4927400
1600199
1913227
4455733
954118
4038078
2219742
4528675
466157
2472629
2618694
4892146
4332882
3357981
3846441
1980469
4440624
3660805
973806
4326197
1141119
3710763
4278844
904009
1084934
4859622
3568410
2241807
4849096
576681
1981942
3480004
147738
582324
656705
1879750
2406740
4794077
2331447
1573923
2161574
455479
2743740
2253277
3256642
2980508
4201058
4329532
1399415
1375708
4713032
1735888
2709982
1957314
2471132
3968450
3811373
393023
2949376
2715670
1367336
4376438
3425994
4248896
2997880
3284259
524262
4641759
3737236
899625
772055
4944794
965467
366390
2927002
2487574
3291204
1041365
130603
2838545
3170285
166352
2273697
1902302
2634895
448639
3518260
567677
4836883
6513
3399519
3338774
3000510
3164598
2918752
4879506
556167
1691208
3157789
4774423
2826185
3994708
4289696
2718046
212435
1334440
885379
41650
2545821
1044346
3571303
2746055
4210326
1031314
733790
750196
2458328
4866005
4306857
2700366
3327421
1153328
1651419
461667
2382411
860317
1497180
533328
9738
311637
1174857
2419967
177591
127570
451513
1471425
23249
1103999
2494427
704452
2724880
3643199
49019
1732785
1207669
77527
4976547
4026212
618237
3733113
943774
4846729
2425135
4182958
1978008
3098128
835797
776031
3838561
1185100
363527
914111
3856592
631405
3208290
4541913
4318404
2474392
2614552
2771313
2720326
3588192
2136993
3880602
312586
4532388
1486288
4671828
297236
909189
2511168
4067679
716792
2609025
504301
2871968
2003002
4738417
3758431
3322351
3499091
2157531
3525376
4754491
239637
2387445
2971151
435546
4323366
4922999
2871085
1286833
2424104
16603
1991573
1863293
4835129
1796340
206889
1568251
2030230
4057896
2212903
2646458
2809690
2685388
2109754
1493371
3901668
4006171
3781997
1732610
4851735
944593
3574522
1296956
903100
1013866
1955777
2392716
3513474
4829938
3020372
3465140
4779941
3127753
2273775
320860
1950955
1823989
2622085
3171138
2996683
132388
2278325
4011071
3572009
3049596
4803291
4911666
4570236
2802657
314883
3894795
3439377
3672771
2922553
1745526
2257704
236832
4224892
1108001
28156
3540509
2733457
146156
2598433
4220669
841523
3247852
1213253
1579451
94952
806684
2907096
1687370
296942
1505506
3124936
1882407
3307028
216441
1022117
614807
1694310
4719487
837924
236418
1625025
1683869
1980863
2806188
4275396
496462
490169
4550924
3197287
2027470
2878400
4751115
4780773
1494945
583595
606362
3655509
3679358
911522
4473776
880471
119830
3907420
4388703
2136489
3734468
2399939
1376018
1467609
2327762
58613
4234597
1101909
3492901
1953956
1136225
686046
931847
18397
4723603
4096795
2680655
2034726
201991
4852042
4214511
3744127
4229478
1320593
4673242
2261259
3759529
4438771
4881936
656521
3235385
301726
2260231
4567226
4072485
4701089
1931703
3140135
1582015
1041402
2876674
2345531
1451028
908045
4936447
2735115
3870213
2215793
9762
3518263
2086534
4613413
2516873
3725224
4621427
2984352
1969061
798073
993098
3904198
3506435
4811634
1875081
2112630
4534134
1512111
771493
3221824
1345571
4378079
3823332
3163508
2682409
680360
2594455
973078
4064427
1313320
3829816
2784045
2540987
3628119
4309788
2863738
3882852
4172168
3672660
4006726
2604244
587598
1937190
3375125
2075236
2771195
4105059
2732150
1971846
4134468
3460645
3697724
1509706
482560
2605223
585223
3279757
4636175
3312001
3729787
556926
2116631
816638
2508563
4219918
4585194
81116
598798
3656180
4476356
1242911
1372551
4103386
3184048
210642
1962594
106087
1253129
1381147
1990306
4706730
910494
858106
1937944
3743200
4151151
3982622
1823479
266914
4695444
1648228
2095810
321454
1895613
2262956
2932838
1425487
896212
3315802
1287652
4972076
2480127
2666790
1261222
633515
4268033
4751393
2170611
940224
1246144
1432261
658686
4268950
1038817
1484727
64281
4460248
1857423
1300955
2588999
1285020
622939
267028
3256494
3264812
2429501
2029719
284075
1007859
2946297
522282
727360
700289
3595165
1706303
3827241
4909627
3268519
2785767
3610380
1714210
4293699
4597237
18446
1675774
1816881
4092720
1026
4033510
152901
2879859
4865084
93999
2798344
3985573
2879172
2237743
4273404
2465105
3360934
3124780
1398397
2145761
2734246
1340646
2461827
2692092
2169297
1945150
4906948
4038969
3502895
3585474
2303414
3978622
1274325
2158550
3596978
4585146
2254039
866432
3733684
3338299
3810010
4691279
2309247
780140
2953991
4463913
1130782
2412591
2778459
4971056
1337605
4495571
1766363
4867665
989333
3144306
3412133
1036329
3758206
648106
2744418
1411219
4623743
3416886
811224
170066
3907145
161128
975580
1834584
1856961
4688453
4329892
404529
931876
4842109
1806907
4064271
618822
2197765
3286221
1855538
4673267
998099
4062370
2593075
4067702
647605
3944232
4656942
635640
701967
1047720
1426314
3711487
4085359
2715035
1192103
4217112
4919182
1867414
583138
4202064
3620070
605984
1831047
4872220
3171242
549924
4582100
3175448
1721255
2476354
1818406
4802348
1647925
646207
1977411
1529739
2591321
1866397
3136003
2091029
2483323
2777030
3211035
517533
3971006
2364962
3757959
3320068
268033
3951432
2193364
2466948
3455474
161616
2300231
3493001
4349962
4121735
2603437
2522745
3373800
4983036
4850688
2046933
4300878
1299127
2943155
2752055
2647410
3498057
1180379
1705915
2436098
1956863
2174138
1045178
1172152
2028464
3209768
875826
4213781
1498678
639840
3925569
2360444
1014393
4699044
4088464
3109614
1118438
3731022
4043085
2926622
653631
850293
1352976
1485425
2913869
3587896
2702367
2793428
4676208
2631338
4465165
1122489
229271
3842138
2593981
2304047
142154
3350653
86148
585372
4924004
2714810
818796
3742106
720863
4918674
4259477
4757612
927240
4947947
2456951
113116
662225
4533111
730498
4219506
1397957
2013509
2978662
1909778
3464918
2164132
503662
3199283
4083090
1147567
2303160
177076
4570042
3015135
4456557
1937239
2161496
1542697
353631
1153605
1435270
467261
2945623
2035758
1556855
4700891
4996533
209268
1695100
2020432
3829350
377379
4940880
4261937
4954690
402750
2705149
1804420
187908
2646068
3621551
579135
4470119
2961010
60051
2492712
2669657
4947410
2758188
2735771
651358
2589041
2675378
3925802
2036996
127966
3123302
4721630
3701951
3934702
2396727
4853852
741024
3416684
2473354
3858915
3746166
4964525
4726698
916978
2230977
2167234
4454540
4202567
1845967
3846792
3570429
1761281
490422
1370649
1644010
810727
3793325
1044005
3064524
2901825
560519
2388443
4060078
986660
2614092
3080704
432988
2905164
3790325
719331
4776554
2141985
772612
2044647
3775710
2561820
2806078
996735
4461371
1841475
3663558
3206841
4960235
672784
782936
223857
4209927
4156272
4373854
2406694
4213318
4738983
1747058
1658665
535809
747472
1939441
433329
2340255
3403074
3923640
1566476
2096226
1497359
2257598
2367344
2494540
2156966
2295246
1288624
4077999
1727512
844831
1708298
656
2079863
4511825
1393117
1518839
4848859
864966
2300023
2335766
4191486
2472667
4187149
2253460
2280903
185154
4333892
2590580
3902820
1097022
1497644
2084903
1784912
1475321
2656844
3261226
4943156
4544389
3815576
2066333
4281770
3991469
1528831
556322
2261084
3535608
1514913
4421742
3681611
3826554
386526
837807
4292652
4448086
2264329
324186
1170540
453203
534652
3388240
2414292
370010
2582661
139564
757192
1549129
2381630
2740076
1834986
2343800
4375739
2348857
4425692
2937798
2353052
1305172
4187426
4890846
4819521
202975
4506981
2725260
176733
1654406
3271251
3814709
484004
207304
4631652
265784
3222366
555622
4529784
1295776
3468189
4695270
3375644
1049795
324043
4764292
3452396
3284154
827869
2584054
1224658
1280700
760548
4418586
2208364
2367449
521794
823423
4511052
5777
926265
4240525
1486425
372495
1922207
3131154
4941586
3173253
1238958
4184873
4201971
1538725
2548216
595209
1347632
3782520
11383
63527
3459870
4599007
1784002
3257161
1024305
2406373
1878172
812777
2030176
4411261
2952103
3889026
3768869
3901660
3702
3212538
4573920
2796085
360896
2514667
750171
3827918
3600880
248079
3907048
3755708
811032
2220488
1364455
1602623
2652230
4159946
4857060
931836
3381359
1126182
3017629
690323
4423944
1909491
2211937
2030364
489396
2504667
3215059
916803
2379864
3741631
4029134
999229
4912714
4131464
175458
2422118
84775
4522251
843645
1606585
3006403
4892568
978406
1452651
3868859
4789088
838754
958756
2711783
634176
3206713
3965275
629676
288110
921042
2865165
2267118
2918783
4477243
2013721
3006114
3146706
4001477
1938363
788673
1013021
4263116
4977699
3726296
2407442
262165
1675569
743932
3420973
958800
2781008
483932
4972893
3475452
4550252
1814063
4644108
697130
3776785
4424396
977869
1755481
2843937
1328408
3635105
477568
1054258
3863129
173862
558251
2531778
2466921
2127069
2002237
679639
3352519
1125078
2084628
2005559
1558792
1439994
2574473
4280129
3456107
3003061
4381526
3788583
905545
3238078
2648595
4423113
4463787
1739588
2211161
4002158
2874294
2282422
478791
1881697
3964097
409967
2029027
1181478
2873607
991293
3515480
2413912
2929400
391181
2302109
1379744
4941354
2923380
3937015
3391700
1066157
3207388
916565
4393385
4594875
1708297
1329368
4782807
649358
1242247
3797750
4821896
1542924
1337010
3512948
204347
1348510
1931874
4532112
1214396
62942
316977
2158465
4382200
3655406
306281
113622
2961471
1719718
1971663
3688699
294939
670245
1044678
1661723
1133767
4850377
4226914
4892319
1344782
2748345
1359882
2283220
1865794
1363551
4217545
1058346
1571477
775667
4704177
3450712
2991703
2458419
1718764
4662685
2953548
157615
2752928
2358946
968809
2955200
2261118
1365628
2112875
605593
1498984
2592781
1132245
4465909
1642173
352842
1509764
2568752
2428738
2103254
3767600
2061682
2781742
3131853
1667073
3179846
81810
58462
519243
3946056
1519779
2998352
2011112
1983037
108005
3692901
1838193
2223421
4830774
2556507
3921816
826827
4384181
2430095
1187877
4766021
2469773
2608573
3355851
849590
2559329
899362
4099047
653449
4999254
1309378
212308
923289
4061175
1676422
4144301
143267
3910281
4051837
4183008
4355933
4880877
1504515
906411
4892000
2916587
671231
273143
1112960
235297
3717958
2762317
3873980
526919
3308125
2864761
59089
2294301
3123739
1625978
4391145
1771572
4932717
4702178
2392624
668822
4463092
2753488
4487048
2881556
990345
1502856
1485074
1666346
4192096
967212
3202093
2705424
3635914
805722
2972347
3371808
564500
3795745
4055582
3212510
3212557
2644896
1973507
3550121
3936357
1891773
1514324
1248317
1891761
234495
4745937
2252235
4573321
563193
3964278
153751
4274548
4300514
121553
1536032
3993415
3510056
3619866
4583264
1436053
4216386
2900518
2111006
3054900
2305712
1560840
4340466
860373
3680272
1257401
4587044
1255429
3221265
2257829
2527667
1591295
3552318
3601168
441969
20971
4091324
4742115
1953803
4693751
740303
2610519
1009255
2184593
1685782
2039165
18470
4639038
4616727
3341351
2727177
3729242
4977973
745206
802031
3977005
845374
4285058
3024380
4609765
1125857
2979423
3111382
4027062
3131133
1826834
964361
2994187
1249044
2653456
4784139
928359
2786846
388975
1250841
4631197
3220218
4551020
1947712
339176
4329343
905304
2870391
2173672
3009905
2420447
1671401
4616122
4339663
4095798
3636753
3168754
836746
3533729
2541247
3825719
1267408
3634142
4888055
4473020
4266373
4052017
650232
3504727
3831187
2169421
1313754
3369663
4038616
4541404
129361
3310631
820350
1617323
4121870
3350321
3871145
227957
162500
3421585
1743881
2685450
2056712
1000383
3472846
3716572
936081
2433624
2077883
1031654
3552351
1880850
646740
653690
3613945
2283674
2590705
932133
2206542
21260
3408501
962368
2993469
1253134
3624088
2771222
2468592
1449610
1525407
4296237
4908579
3485573
4728942
3319027
1711939
3981473
948276
4977991
1578161
2910379
769540
610464
4752549
659106
4756356
2111454
2441647
3029701
4871102
796267
1692825
4338263
200532
372494
3945577
1893107
2635664
3811276
3343875
2144965
631769
1616507
4898027
3689452
1053314
354404
472231
47083
1546493
2250452
2300738
2570118
1614189
2470463
38509
1895615
621913
3525586
3714113
4766189
4463548
2136916
3802976
3268469
1145977
1122615
1306105
3178856
1523179
2735169
4684777
124921
1210715
2930194
4193791
2250585
2795403
2091665
3879576
4378225
1878319
120311
2545577
293435
2750139
1571576
4613531
4454078
1933143
4147337
4074577
1560292
1820720
4115090
1701701
2057849
2414376
879602
986896
82754
2452397
4668905
1911688
677112
131239
2844327
2629187
4020704
1490443
95598
1121402
916872
4031053
3946598
2446794
2611551
1650866
546109
3248339
673521
868163
3436152
2873155
224639
4384349
3166235
235117
773431
802278
3713649
2901459
4432085
832986
1028473
924739
4033302
3030019
1556909
3836380
3121044
1953351
3962096
5170
3819267
1650523
2577747
199175
4395718
2584278
4870659
1311738
4117935
4090976
3310355
1531196
4899666
4724361
1221794
4251964
315268
3209462
589033
2661413
1444981
3762742
3108195
2956989
3864423
2986226
4842905
4414766
1812682
3300419
302985
4741538
73014
1246942
1342706
3871047
3384260
2091818
4597247
4365426
3412234
2571762
333134
3301983
2487345
264118
4954715
4284183
1561204
3079068
1934734
4457578
1647862
1075140
3870301
2444444
3503936
4759225
584799
203100
4638231
748163
1913135
245231
4797750
4884633
1345657
3854444
1863917
4007219
960356
2810080
579350
3612030
1510236
4685969
2580015
3333609
2339770
354464
3706393
321437
3585811
1612808
4596076
2666633
1742938
4334595
1190389
683803
3563762
3724235
1315085
2421706
1286805
1597310
29719
3062864
4165914
2472410
1927189
2462389
4445094
193704
430951
1594439
55666
4758710
3207906
2906854
2590644
3110460
964553
3201851
2222893
3548384
525099
3329161
2488590
4346389
750872
2095580
4311752
3995230
2416385
1842205
1832623
123249
1288043
1627719
443209
4158198
760080
2047412
2763961
3989487
4622802
1068305
4703683
3767793
3532701
4052785
3477243
798544
3431256
999421
1829583
258649
3674119
3895112
695405
1152376
1172864
93824
1256914
4633978
3901639
358400
888753
4730541
2592201
3678851
3704636
275236
4244209
3310516
2843793
3223
1534827
3428961
1668676
1995303
2294387
4037645
2052485
3302590
1210841
3826084
2098926
3231893
3638291
4822089
1757164
4094031
4133310
4089163
4380871
4527427
1755187
388023
436687
4665879
4195778
3089031
593317
4508999
622030
444856
2721315
1832005
1012037
3579961
4955113
372923
3465785
3820735
2759301
2185836
221728
3151350
2792382
3912184
3327973
1155537
927101
204798
2899752
4884930
4685657
4410779
3056089
1021574
4582525
2728081
1451308
665752
1534968
2801540
2639929
4478789
4834401
1501534
4832052
58335
1831717
4075153
4915076
3521803
1365359
2797756
3847106
4487158
113266
1025703
4989327
2512932
572950
4348073
1737746
477992
205245
3230313
2188557
4370544
2384048
2220737
1162459
4147640
2544555
4119550
1943752
3391327
1901825
2442116
1968076
2659031
1884653
152591
4308710
3347189
3859767
2285908
1264018
3327528
1516351
578821
2897318
4282310
1793258
1146548
4206671
3811458
212262
3097039
967458
1925178
2314459
1909641
4198113
3555501
150703
536154
4795597
378250
1486134
3872220
2291042
3685923
3424245
3176022
3153140
1036672
1112081
4770902
4036068
3150224
15577
2138935
1462911
3907771
4234925
2542851
1863731
3410387
1198217
1573041
3871662
1623976
4522866
4883471
3142869
2829114
2427515
662587
4879517
4108809
824884
2455307
4870986
3891337
1117872
18701
2913410
4703666
3591410
4844584
4384525
1738611
1960628
2787041
110764
905670
500947
2151546
4438098
805855
754586
2352436
4676099
2285566
2345897
2706678
3594952
1720548
2980609
8070
4814028
1969570
2861359
167987
4815703
2369164
1074515
67669
1885028
2163405
1782413
813100
1788448
4565524
4311619
4804006
3636546
4484140
1014096
111613
2896897
3489194
3456332
3438524
773431
3948543
1681460
1057377
533264
4104045
1400310
4624158
2498798
2880599
2314716
2317562
2126877
3456624
1959250
4638677
1626350
785302
1563285
3714120
3779570
1464631
317242
1192106
1622165
4860593
1052569
2442864
3981332
4523768
2064532
1166508
1410780
442864
4384711
3141110
848193
4026075
3760270
4128232
1004631
3196908
3145837
3960194
4158897
2524218
1141152
4205678
1562484
3735184
542272
3562591
4968086
2912865
4789135
4766739
1043192
2149849
790624
3321079
2569246
2785038
3215078
1722409
3419847
2934613
2173335
4655000
974253
3073842
4812156
3109575
3330331
1953319
3546264
1501169
2644198
4035949
4485618
4899335
3280521
1708993
4061825
1403349
2844961
2083989
165236
116098
2868801
4048359
4929435
1693558
638643
4760047
975541
1023894
3541964
669618
4620439
3978730
3170155
3065716
2742133
1881888
702862
4358090
2322832
2957418
1641424
3236109
3467516
434562
381827
1187179
2357517
3592269
1782438
1480535
2332893
1745501
1755779
990945
2947389
3624081
1475880
2106016
2306358
4482839
3279231
239499
2460538
1334162
1769868
60135
492588
552982
777091
4695387
158217
3009680
279044
2688095
3575921
627203
574708
3017043
4868246
1916973
1294713
2820524
2012032
4926152
136329
1260730
3716652
484816
3186595
2971933
2875090
2660724
4432099
146678
3367987
793702
1137358
2325527
2506318
4346128
2247579
4979767
2011273
1290965
21542
39686
339759
3324146
2679293
3054034
3331608
2562223
1600662
1126991
310310
3809921
1890595
3683526
2366763
1207935
2785470
356061
346664
1731007
4735167
3720639
1539505
3915917
2532397
4205927
3716076
4434887
1789905
4589774
2237432
1765848
2949734
2230127
245162
2258255
3268076
3012275
596594
1667035
2365276
2156671
1283612
2937317
2677685
3732566
4640498
3013834
993845
1629163
1076224
3273844
3391715
2770759
898736
759636
3089865
2106643
3925011
3969661
2170368
854979
2960448
2400992
2978979
548063
274327
615456
2671589
4085231
2663263
3510097
3520895
2309827
18381
1046610
182401
166172
2333990
4062084
2660810
3950650
3270203
839974
4010515
382723
382227
679119
3939173
4198669
3655847
3281863
1716715
3837384
379847
1322754
3937314
1824459
2398106
1317561
1047916
4749625
3250882
152166
634564
973008
1296798
2023197
36685
4498766
2889641
705538
952195
2441344
4036224
624555
4408146
4628904
3335680
2705811
3589765
3217674
3118158
1122359
4473943
4804435
1345648
1411536
1711526
2303527
3805592
410606
2337925
1915718
4168577
2156718
1565232
1820121
2551410
891224
2363931
4134879
1231072
4882583
4086755
158319
1785393
3419733
2777254
468905
2037914
563507
1828462
2879421
4465129
706210
621704
4213207
4485727
4775073
3738099
4172134
1704245
2320915
1302324
2606600
4607615
4389244
2562502
3129236
1577390
1832216
2250223
4962563
1134704
2914136
3729902
1003323
1931122
580410
1315281
3254074
2517061
3880003
1291555
2020507
3364062
1555420
271297
3639368
4995448
3144518
2218830
2057213
1098132
3577020
1850492
1563316
2400608
2400292
1329291
375475
625654
1356273
73615
2246126
1971003
4643416
1303145
1921049
84136
2548780
564952
224975
3368101
4467864
3035240
173528
3982161
3953849
1507976
2712858
2027615
2967894
2188473
3102175
1671642
3379516
3573347
3615743
1316488
617722
3470082
2031146
553261
956342
760317
814740
2466023
4176683
1245399
645437
1158454
1326656
3666174
3449308
2346270
3703557
2264449
3351208
3318757
4330956
4165663
2318466
4548471
3942690
659898
2109442
2651306
153129
4535275
2110108
387803
3769875
3517551
92910
1354679
2529533
546110
3484970
4865302
3384998
4575548
2768539
3359105
3055626
3934153
850901
4445460
2492063
510963
1395774
3854719
479723
461451
515698
4859430
2180416
653973
196568
4289449
2364950
2139288
2036863
1692030
2601603
1632214
3783475
2783033
3085273
4952086
1557154
3569005
1941532
4276061
1808358
695277
1963230
2283515
1162799
334252
9721
453569
406478
3064642
2899625
1297104
4560032
3232015
4293955
1437772
3420373
2325946
2841238
447472
4149788
230611
2657693
2462204
594797
1384919
2449437
4331017
3251378
1718481
2668961
1272188
3533843
211677
2129552
2978649
4422365
1080712
4836328
2220207
4346830
3893395
3522841
2034801
3225215
2463254
3731328
967653
110894
4039106
2448510
411125
1432615
2294719
2555381
4904995
440399
2592500
26399
3177114
1864461
2221348
3520522
1970591
3419669
2908853
2874548
1713702
1521299
3463757
4865471
4881217
4148208
4415573
369296
1292724
2743299
3675103
548618
2155107
493463
4856420
2175075
1719724
1458773
3248870
291551
3702226
2051086
4098356
2269617
4522766
4415591
1760716
4740331
1426250
809122
1799962
2063901
4633256
4199557
1507871
4767634
1777404
3476841
3459309
4748451
1731227
496672
2099727
651318
1370187
2635076
1390917
4642263
4879705
1098648
4030188
3908209
2034570
159646
2065596
1562984
3033257
4849461
1693868
108310
3232319
3592299
3656496
617377
2035489
3996071
957218
2100726
1235427
4578924
641919
4324516
4022379
4844171
1461640
1318231
571488
3162536
200904
3852591
4977472
2185382
4418358
290748
3629585
2379890
3424496
3359768
3155759
342505
4484135
3626018
4907460
4821351
2890458
2255826
3048726
4388653
2652987
3457022
1019899
756398
4559213
3663016
2646567
117430
894767
1062977
4386278
1723128
2975314
2112895
770341
1913714
21222
3389910
3091626
4260223
971699
2281365
3613476
2133945
1989539
2509088
6108
2161160
1707261
2097862
2572235
4210828
3817420
4322942
525638
3855459
615582
869699
4872469
3012951
587176
3098185
3235425
2798823
4762567
96282
2879947
4328176
3678241
413010
3457305
1613304
4752170
1310131
1823243
2041687
4284611
718694
758924
4277059
4813308
3011535
1641348
4257846
659322
4007947
1968266
3483838
4425972
1416457
4145847
3827361
2215447
3529730
3924822
3779370
1304906
3948246
2215479
1478932
383371
2569669
1907618
3602002
1014776
2687302
2141929
3372217
437098
1348679
2436183
188811
2779836
652162
4991428
300449
3918953
4220857
4249546
1240820
4793235
3223118
4178066
1768264
3335648
244865
1183495
2807157
1899903
3211462
211949
634259
4240265
1237762
123850
388865
2614146
4192418
4167106
2515346
4621630
2002648
3241345
430805
2739424
1385971
2144273
4091584
799806
133530
657547
1512505
2420897
1475302
4861674
2624640
1465832
4275673
4348091
430011
3785675
729342
4167472
1226079
3871485
1200221
2898260
1836217
1953451
4742299
2317466
2580119
1802722
4092140
3378510
1243925
91597
3965303
693356
1009799
4774363
288197
1856015
2541440
554111
4501924
3820290
2898365
2027025
4372766
2379571
3574833
4536914
819217
1846534
2819438
23565
4269355
1388549
2959085
2759000
2822468
2853044
133818
3852858
2444888
4748162
3089983
4959334
3827999
497052
3015722
4293094
1410379
2773980
3799870
3872403
4650398
14496
1426100
1237376
3792677
3928181
681995
3631799
2006036
1313073
331379
3880795
4982015
2143455
624978
4624685
4270835
2273301
1433072
2560042
1514031
4751394
4616070
4687376
3926338
2685156
3310622
1851073
4483714
2202806
3800870
4408705
4992550
334854
2331479
86810
655233
1057668
4291389
4382559
509340
2447798
241058
254733
1813102
575912
4522843
1126604
344762
736769
4241710
652181
1930117
689713
1039582
3804015
3082035
4573383
1275349
1990546
3246718
3777119
4278510
3171116
3610001
3218233
565788
3395649
2736647
108964
4789242
135021
3192635
3760728
4081967
3900677
2714635
501668
4149949
3354716
2722158
1695036
4304231
2227297
941487
855092
2917757
4763046
3289030
4260362
4209477
4661115
1598609
4663197
1995208
3692857
3775668
316668
1262582
19163
930698
1517466
1541174
3217350
1396870
3240797
2892686
3226217
3885739
2929237
394988
2112767
3687844
4130058
4791567
1167857
3393665
3666542
1821525
1214617
2189518
1328817
4285409
2450466
3328978
3278387
2245160
1415755
4100257
2607765
1680793
2972554
4760094
4188008
2702375
804941
1719953
4664199
1498804
4708507
2770081
3464385
2942875
2724569
3319342
3522158
337050
1444585
1499021
1013283
1491995
2154349
1817889
2065728
2171869
3238121
3174738
4489062
4919555
4969223
4705709
4753862
4380025
3283636
3777944
1208981
4930367
3469095
2549552
2939803
3753364
4540097
1800577
4031339
2210367
1351951
1890657
2806893
1659132
3051565
2629097
2095383
3319490
986886
197777
852090
3617645
1785142
2848103
1454073
2038925
3250064
683756
3739220
3049738
1380411
1281035
2869410
1774898
478327
221815
4717085
4994017
3597950
3953312
495959
4783244
3690117
1628305
4775179
4741610
4536481
3544361
4052750
4788863
3049479
1625267
1071653
2606598
1550636
744677
12144
657978
4430475
4294002
3174211
4668737
2010117
3815116
3237205
4454070
3143202
769849
743697
589521
2157365
3819793
4965386
802549
240094
1332498
4298764
600598
1456489
2483103
3091597
2312774
468244
4772508
4705603
4858458
3091374
4269726
2100303
4557693
701467
4283603
2073750
4155025
1725876
475630
1720241
1340285
4619467
3945292
969210
4186583
2863692
782760
3629895
2270639
1573055
2866935
4515315
4576310
3847465
236834
4752087
1998538
3088915
4575582
1380824
3064415
2688226
811881
1814362
1309899
2591653
1462818
1753683
2862318
68334
549509
672250
2316091
2754711
247875
3653213
4529704
3416230
30458
4477458
1018862
2426443
317526
2838853
3727933
4389958
4052099
4869681
2319296
1609445
1779278
3685866
2370376
6635
1204183
2853270
710871
1341581
4049333
4652348
4730444
667733
821606
399796
4258086
2138601
162673
2579326
1883254
2673447
641755
3034159
2366117
1020903
1248642
3478855
3818719
980962
682328
2063197
2202395
4401584
3945984
4424123
78665
3500269
1963390
1252678
3554711
951541
4104926
3688342
3569823
3590031
3967461
2828516
4070576
1451366
1601579
3044641
641015
1306866
4189597
2911907
3537161
2110902
530190
4850106
4306064
4773474
4586229
916577
3440337
1436184
1572423
2520272
3277270
4848716
16626
4502383
4259388
833988
1289971
3739685
3163355
21695
3865428
2439629
200141
2597618
4356230
3438730
1603357
908973
2702742
4447409
320846
223453
1164111
745957
2921797
2523754
2759853
4269121
3747860
1962880
539705
3543789
2942243
1105643
3624518
3305811
1250813
459548
193926
1077420
920629
813001
2093257
3414772
1699955
171120
336916
3277948
2762014
198843
2374746
566686
3389991
1728639
2877914
4114890
3388272
2151646
2395092
1101311
1396312
1809869
4834729
3787606
3582117
979120
857102
2370552
1428492
4836578
2532716
4822512
1800479
2392720
3925784
4181915
905811
2672197
822954
4116732
2301549
4714496
3885948
904364
442953
2032833
70465
4600494
110215
2477795
2524671
3529121
3141331
1856290
3055850
3931151
4388174
3724286
4266207
1291874
4676638
4337145
2987513
1487989
982095
3796026
353556
457032
3531108
1572436
2048092
4594062
239231
3472160
3636240
2919585
425064
4087366
171993
3553941
969661
3592155
3558977
4557418
1146038
1190116
157202
1356635
894036
2168185
594252
4467283
2554982
356549
4681474
1478975
1542840
1390826
4733393
3268607
4857176
2099329
182910
742454
2183494
4144959
1558123
1430208
1218935
2052595
3578358
2940675
4678406
1628331
3260334
4745630
713912
3889591
493619
4467967
624746
3445061
4097769
3587729
1936921
2868331
945048
1194322
3597198
2004740
361764
641410
989732
4417265
2201316
432119
4116343
2888385
4807840
176334
4185707
1277419
4293868
4105148
3782614
3972984
3092763
4632514
4664331
3104638
1104226
662911
1738820
1249350
2587211
4127135
474539
1329167
4333714
2118833
3377029
3717804
2810912
1452439
3628924
3946696
1209441
692118
2072327
2456266
651268
1605901
4887736
950547
2050255
495171
2061410
3881060
3656348
1302105
3223460
1081949
1296627
1405982
757910
3348192
1950661
2055745
1945552
2446548
1705347
2902625
3642130
2801094
3024281
658689
2323731
4726825
2560523
1552215
2612521
2545278
4966250
1336771
596817
518159
68786
2793373
192092
689621
2849923
479847
786743
1653561
18810
823778
3125909
3160695
3361132
1871932
3329019
1263647
1680831
3594598
1777383
3026742
2821860
4213444
370782
1752953
2046644
278078
3162385
946305
234022
906292
3853035
1289666
4363947
393806
3325690
4306669
602023
2802609
3229431
1054646
1949899
1466445
3019187
3982255
1647635
4955923
4475552
4139667
680665
2764932
4023994
1320096
3615765
223589
615760
3939099
2196594
2127183
955315
1957047
1499917
2484770
3070778
1842576
3657548
2834714
4347374
265874
1460953
3200633
4343449
3786551
1378618
1107940
3469926
2373741
3604559
4241994
1793717
80085
3697639
1748991
4979070
717864
4855870
2377191
4964639
3571636
846807
4112525
1480323
536068
4306802
2039955
1417393
1099102
3383467
2609156
4079918
1703462
1138671
4486085
534864
1776352
4898715
4228779
544353
1712083
210099
4179878
2079980
3962376
3841723
1845658
712935
2152050
3594486
2095758
1215740
3839143
203960
123517
3215286
1234444
695914
1981770
451589
2685520
2753754
448145
4721070
1770191
3495548
3824601
4614993
1032598
4343042
4406757
546648
4742214
3586771
2014633
3044730
2980817
1588330
1186138
4638441
1088930
3388622
473118
1150686
402329
3213354
1571043
1897022
385204
4598664
4610892
1936361
4446921
915374
4367173
158560
481839
3929877
1191415
2786704
1695677
920130
1553687
1277759
4002986
485444
1904793
3752914
2666644
2569865
4426371
4547064
2961116
4452124
1422620
3495223
942062
418943
4585923
3397073
521310
263136
145691
1895314
1826478
3684668
3734308
2068089
2102892
659213
579685
789761
3002616
2302001
2445637
3640011
1123619
2962393
2777210
4309801
3545524
332266
4626265
2331593
938308
792563
4610955
3008124
1427337
1580108
2479904
3912290
3182255
2686023
585725
2908916
1301986
4405142
4748849
2790830
4386985
53625
611622
626903
1711916
3267297
3680947
4976494
1510486
3096230
4085582
3108531
2337685
118498
3148767
4941007
2491134
820008
4534895
2087136
165134
2910884
2374527
950437
1302028
3530193
3120886
1072387
2752330
317585
745330
1673778
768777
4697260
3098047
1645191
2861052
1779304
2899045
174494
453477
2414208
305691
610211
1344412
4937157
1451418
440189
3391790
169486
4580877
855832
3668322
1428765
4674276
4375886
2534743
3982288
1795336
1291634
1815817
635264
3908073
542456
2125170
3148986
3386291
2067268
1598477
1266456
2361630
4470990
4557301
292987
3301605
3365678
2377197
1126670
2949001
2860601
446266
1998568
2381976
403561
2475018
1609491
3152210
2161653
710426
1331577
2208118
3792900
633
4523675
2603767
1357127
4816888
1074758
4812483
4668418
657862
3441828
1636658
4690475
4683241
3461294
4438984
1324203
1144923
736575
4973606
3763841
2570367
439044
1376788
3579270
4377278
1074512
2046755
2001227
3631107
1660236
4363650
2442654
1261583
3931467
3193760
2442732
4015481
195708
1382392
682752
752134
795833
3796542
1579369
4161569
3605116
4203364
2324794
133175
863537
3780681
1343019
3658353
3570470
443967
4591581
3832719
4666398
4326455
1318843
1939742
2126341
641291
2774588
1145557
2560959
3693928
2539780
1849362
2150234
2617878
4980266
3308524
122401
4014758
599829
2469748
4310866
2375415
2581375
426701
3602599
2647524
2158940
1020709
964048
2358670
379539
3204559
953474
1539521
1190507
4270527
1368617
2331717
3963137
2671457
4249017
4972292
912437
4501590
3111458
2291730
3076773
1438668
474018
3261150
4213841
1734136
4495348
3036212
1681182
4807027
73574
1089645
3920054
4598382
2704648
4863540
1438284
1349844
2911744
2033653
1095101
2218043
1907963
2573796
3446802
2943045
3029566
3992998
3423778
1962969
4278043
154592
3996949
2655225
2639550
4945755
956611
754177
765351
3439697
4137146
2012283
2472818
4964247
558302
1547617
3886162
4076454
1355947
3647984
3205596
4076487
1149975
3086309
408959
2871579
1378898
2778263
3784786
2238148
3786991
780528
1399686
496244
4549852
999113
4791162
3867920
2101389
4454689
2090542
3128128
3922360
1677754
4275663
3165654
803705
4329361
2635312
2833560
4263253
3076920
3440154
2549035
1803995
3254289
101498
4371038
3746598
1720041
401528
76113
3127744
4567022
4898217
4898625
3453473
1496591
1457434
2831345
2554581
3407279
3409293
1998325
2321723
1626949
2200512
4065822
1744809
3430610
3118312
2676733
1552109
3137216
1454141
2823126
4108527
3416020
1457199
2507555
678066
4719504
2625718
360321
3559929
3595048
4097159
667707
3984710
3793054
2277090
1059314
1748733
1999164
4360200
3576870
3738670
4003466
1063139
3731284
943161
2075965
3259978
3957848
4143900
35338
3244539
4896821
2051649
4993250
1086108
3614105
4364192
3069134
2745609
2523518
2217585
2046884
3424408
1445680
763851
1791509
341255
1216747
1736542
4462884
4860548
2840162
2164618
3034609
523481
2517084
1454170
2792563
432947
263289
3948000
3545733
4800141
2639443
3060525
2232919
4928446
4988032
4778669
397829
143835
1462835
242333
4589060
2792586
4122754
1170987
3854329
4909250
3064553
1006244
1202246
3871502
2573932
1108473
3567925
2745767
3826823
174991
4194347
1529973
2058527
1132785
1808962
593644
4141547
3957011
1952956
1966282
3455691
156575
537325
2488956
2296001
2336812
4893253
1610976
4747792
2047120
4754750
3480613
4903536
3353292
2892894
1996559
3813674
3038054
2997993
3905303
2514838
683860
2838823
4434863
645103
334036
4928077
3210531
4531792
4062937
1141643
50075
2374222
4193183
3578737
4415229
1011569
2024991
321407
4147567
3911247
2326622
247815
1383546
349063
4986145
1788865
4356874
3047191
4613819
1453099
2298002
2545051
891206
2039131
4970700
1391971
2137008
2469859
4803486
3328879
583917
2717791
3221464
4433545
333322
2646877
4391386
3205503
3227106
3961770
4212691
2967676
1579945
2623989
415972
2244866
4353125
1955555
4887267
890183
4762621
2221870
3225211
4001129
3471978
56378
3964400
4396174
1530570
4295670
4023424
2204316
4995667
3981803
1630309
1788690
3171556
1460004
1263607
8769
1991415
287162
4237423
3815275
993075
3290043
1109191
148470
1070495
683447
4635581
2442893
3439024
3769318
1670773
4946452
1723971
2852857
2893694
269957
2027942
3890108
497197
1184236
3585104
2390436
596709
1985595
2465713
3792251
2180345
2307915
2261924
3012133
4062632
1689072
294658
3988173
3051975
2300535
3442640
676978
2948668
3254590
1441816
4434248
2970342
1658801
4005205
2849292
1391002
1803677
3164807
2913575
2338249
3853810
4655591
1974078
2317885
866778
294645
296596
3375042
2787120
4251245
229213
4406945
2370014
1747671
3271904
604999
1143512
3722430
328455
521157
1413103
3381176
875206
2339185
4624339
1830564
2748198
209065
1349288
4452723
4131629
3369463
3112707
2696092
4284844
1308752
3440257
688499
816485
4031095
731268
663764
3835030
281855
4567307
147193
713318
4904045
1523885
2239084
2648427
3343164
1886770
2472918
4137622
4091514
4327054
2755061
2740028
841103
378811
2209516
1691841
1120157
1419634
1034036
231779
2612355
1453573
3153200
1287648
2134396
913628
4739871
2020805
2736037
3634058
4984299
361429
3900700
2574539
4331614
4633938
896324
4442396
1097844
1953131
4783716
2895607
2014475
2906241
537327
2083498
3073911
4842839
2018910
1457107
3870322
4028631
1162234
3931066
1183792
3775739
3211894
2728203
1281297
1052702
3095864
2907118
3583344
1964576
3691832
2051781
1084376
522159
314177
1528193
3220887
3725497
3663573
480225
1338154
4135979
4008686
1147977
299031
1451812
7710
3867067
1732634
2996027
3980055
4383540
4410359
973353
926919
3439397
1915758
83861
3051484
4060108
3987149
3862203
2755749
1934255
2835487
220280
4888984
4503797
4928194
4265076
1945264
2519713
4100951
3879916
3076015
4343084
1501202
2480538
4770177
2955773
1409008
4378116
3492481
3530247
3576201
3898270
3436628
1709055
3375419
158173
4788147
2531577
1266502
1353242
2607943
1541918
4134518
1882398
830317
31500
4373051
2562704
4423065
4189450
196372
3326520
2908310
417574
2063722
1227183
799339
1789677
1848761
3177125
1199642
1209607
1468713
1436623
1279170
2626348
2563707
3958315
4381348
4253767
3610270
1504945
3781762
4335141
1276834
4499160
3533603
4716442
2486916
4442945
4845428
3321265
4634407
4186564
3788169
3521101
4799716
1173782
1144896
3005856
4380152
4420628
4979206
3704135
4068060
799854
3604723
3178561
4439730
2131059
2720849
267211
1741723
3536436
810426
4815641
1385317
4634392
4584095
4777202
452130
2773116
3725861
438889
893268
1867332
1982697
3507827
2688196
3435971
4614500
3849898
1509873
1348611
1676650
2868573
3008294
4695793
1067085
1642961
1952677
258728
4829342
2472409
795327
740824
4919507
3976717
1617797
3239891
721732
4292394
357977
1486260
4848784
2265286
3028509
902252
3559837
4444270
614477
2785706
4974652
1928350
2522921
3229478
912874
606812
2896522
1766347
1830194
2256049
1146646
2636863
4095536
4685573
2905295
269456
3335218
4920726
2340101
4100860
3508727
3216020
2880044
4643549
1761241
4861917
2568776
4221167
2277446
390224
3472447
3671018
254032
115235
3932338
1563561
184727
75342
1615408
4464136
1614580
831819
3985451
2385515
93090
2123791
2036495
1303161
4705735
490218
2359496
1088859
1485190
2914016
4310635
2894180
305281
1554456
4610626
581323
4122286
2100398
1002871
4548371
456853
3924835
2742683
2168459
342755
1308724
2743636
3825265
223150
4909704
3064481
2650290
3715718
2894274
3132812
3010317
3516020
4326327
2152875
3002325
543762
2330873
3636946
4251349
2831878
461074
4982104
4643278
3163164
2864205
3653636
4671707
385600
4997613
868949
1267126
1309781
1329409
2687915
1374867
3093684
1813775
4255765
2444330
3951364
527470
3713016
3028178
2774322
914992
4296280
2223113
794829
686523
3520006
3146000
3651265
4683833
3608230
4795571
1433455
174117
73500
4532518
4711717
4667974
2676115
4279051
1035007
309753
1231209
867473
3269465
1636902
3401915
4744054
1643951
395989
3359112
1495596
3126996
2519577
3113540
2637466
4083595
2987434
4538108
2021561
325638
1070417
2774496
2717983
398520
2779708
1520370
1839897
2538521
1923185
191946
342960
935606
2743135
3071811
3673934
4270258
177936
1807814
2389883
551005
1582523
1531761
2241024
1207406
696119
959971
3777580
4560032
508809
2631526
3418228
1974119
335070
144250
1504885
3648526
185812
2736762
4827606
3012399
215282
4725805
3151433
4280590
1281529
1177452
1859696
429266
3485778
1917483
4762844
3049888
1730342
3400037
4906096
3853973
1838477
1597992
3643556
2055584
1119710
2274106
2376358
4370619
2004581
3604583
4935898
3326404
3142898
9256
1564226
2874044
76814
4374578
4261049
1541403
4303753
4631512
3348762
1216589
1511919
1055325
470270
4595597
3994521
2373274
4681569
3655517
365535
3912520
1002598
1454111
2628011
1138667
51185
800979
474472
3498460
4561138
4923566
3010970
186481
1262914
2077075
3864008
3608458
2848805
3509552
3603412
2098683
2457327
938168
4940331
1940881
2462276
998968
2417495
2880579
3757176
1885849
3357681
2126199
939989
1864305
3148660
4671021
2346106
166533
884526
3664780
1120864
4021663
1680336
4593671
4143288
3797640
1271076
3645740
3042160
1282851
3323869
4782729
4964053
4904870
3674890
1333371
3993811
1940085
4634277
4950548
2932887
2700253
417096
1092776
4985429
1949865
4557183
2026997
2142821
3526821
1137208
2282924
1230665
3951149
398615
1258592
3227530
2544112
1906534
2587338
113599
1633159
1431146
101814
3517295
3493420
3275217
2769870
4599246
2236696
485639
3973249
4747876
2401085
2395559
3253840
4327627
28445
2933774
4663349
1484631
2725189
3833548
3878064
884688
2814122
4121908
2132143
4754010
1690462
3673363
3660441
4281526
4046511
4917501
2241463
95329
2644765
3246274
113151
4461594
4445941
313792
2295103
1836289
2318094
411474
3157347
55195
393759
4478182
1062755
2618226
2617084
4253805
1327179
1675353
1293163
4804907
3587624
3041486
3978919
727534
803660
859320
759217
91995
3425087
3901647
4803341
3309092
95042
3598042
4155680
1813205
3577792
4415188
1823268
1152654
3508692
4198376
4210245
1095051
1759857
3759708
2766747
771935
3895026
1412874
2635141
2568000
1783871
3872712
4093470
4756731
2459416
3043433
3564447
1634440
2127553
1084317
1326481
3812664
604042
4636339
4158189
1498507
3761146
417535
2444049
2533726
4012504
215319
4278049
1351937
501397
1235447
262968
3896615
2819865
2526660
3257482
3548598
4085032
2394030
4137240
772031
4962545
984238
1000334
4154567
2071731
2668399
2687548
4257796
3230093
374793
1215343
2211171
2502624
4724648
4562028
639302
4132514
4115659
4435976
3591435
511170
4027048
2068647
2615239
2961843
2121261
2849551
2949587
115288
4534370
3631656
3801532
1914122
3594027
4726802
63646
488201
1632553
214627
3543883
3710204
2318655
4353340
341412
3704422
3560049
308102
4440010
962280
257577
154894
1997743
4667053
1945876
907643
4429894
4386677
2559465
423528
2353753
1386561
2972938
2615714
4966136
2955288
1572355
1447423
2467663
4674293
3165999
786457
3164113
4343822
1679993
650790
3958033
3870016
499136
3977717
4441455
3824668
2684052
1383559
4719215
652040
1375197
718152
245349
142803
1150876
2213225
4653580
3208345
4011848
3972699
1104439
3558991
3103130
1470953
1823903
3077932
4298597
2867698
4738074
4309045
1190428
40002
718893
4711843
222008
1126221
1491576
1400434
1067185
1552199
43472
4951944
2092841
643362
2916330
3941120
2687784
2907941
3279730
39699
4095554
4053222
1296123
1803491
965269
2785188
2619089
4386467
3965999
2952387
2943723
1850469
1861004
2667044
1689341
973953
1202236
2766049
4488233
323935
4838883
1344866
2014037
4408866
4177819
3621343
548696
1446449
3831796
3930482
1724749
607011
2267931
2525719
1705546
1131079
4602520
4254148
1359979
3722061
2480625
1124703
270407
4466004
3332908
232288
4941253
2603920
1269618
3178629
3408711
4184023
4347855
3629548
4230339
1621321
997462
3446800
3590707
4053338
216930
2501154
4522083
4143806
4661687
425155
69096
2506799
1221318
4425692
4618223
1907486
1633935
1766299
4720307
3383540
1331937
2406090
2609096
2041603
2108861
311757
1075925
3763150
104857
673400
2958431
383793
2213120
1497483
4129151
3757230
403478
2549707
1232886
3651030
4958137
43646
3371927
2693201
4364164
4331650
3224162
4322122
4041005
3413642
1781873
3552953
1360974
4675894
79436
889870
1566849
4857102
279255
2714359
4250468
4933980
3555883
4972942
2997180
4350691
3975553
542690
130101
4223935
4502602
2893857
1977415
2921178
233885
1794271
1445621
3447432
4162056
246597
3050991
3990849
4449799
509720
2045272
3850232
3735571
4283941
4895842
4331420
4762897
4541895
45716
2168298
1109291
4505940
588781
1195245
4989948
768874
3253155
2599060
3314661
582481
624580
4710958
4001149
4497165
3763838
2324036
3581541
1895747
4547066
4898194
2386169
139397
4650338
4896036
901026
1995516
3936067
3419658
2921672
4921585
3389006
732343
4385957
1047352
2224377
1970044
612981
3104761
664131
2303900
542857
446044
4966164
3144843
383547
3132177
2991042
2987080
26876
3907513
1828592
574228
4128137
411828
2285329
563662
3272764
2399048
70730
1838124
2815295
2972010
199286
616664
4096283
2853549
406979
396196
2151918
3108804
828921
1707564
635451
1235829
4826139
422471
961116
4266973
270374
1367977
3749714
2454746
2219254
4528024
1116669
885400
213640
2181705
4938791
2976571
120410
812375
2635386
2669222
3112943
3541599
1855890
3947430
1903087
317498
1438509
162111
756138
310360
4147007
137936
1767037
1151413
1301731
4798949
4046413
2371323
3625195
4943769
1855536
714229
4608280
1860902
914412
3337642
1598053
3913611
1206103
4656926
2262014
892121
3948829
501153
3523854
3699865
1627360
4221906
3011830
3078749
3652666
662516
4787481
919010
3754014
4645610
4719060
1385631
632860
4425362
2962251
1721388
2299267
3959996
4407838
1174610
251232
2342726
4266619
3037419
871781
3616853
2854733
2996918
3297702
268402
3207955
2774137
385788
2718526
2738379
3200403
1942860
3519827
900812
644957
1687714
2905657
739699
2118460
1062966
1766786
139253
884999
101585
3120259
3066132
640975
875401
4739311
4022637
3911695
1208296
4098641
49518
2538609
618155
316838
4162404
1593467
2408486
1162900
3637042
1037332
2040389
2657931
4493470
3681783
4554669
2924663
1825093
1338419
3095360
1077791
3166575
199260
870848
3383005
4316733
232658
1670987
2468538
4146367
404459
3236804
195621
124770
1168704
1489682
1317712
417990
236945
4159234
4786856
2846958
426390
4516424
276335
2078033
1524131
1544611
4577847
2220877
1760438
2084382
1086397
4238011
4534112
1291954
1368287
4592093
4262990
2114313
2916923
357492
4150772
326237
217126
4904047
2418325
3019391
3922502
2624829
760433
3130868
878541
996483
3784395
3307898
2093778
713897
102165
2621800
452173
2446543
2223290
4325939
3708335
561950
2794888
2969741
4181020
3648121
534713
2479015
4492486
1192785
1201180
1902999
4414119
1980695
821093
3791381
1670427
2307405
880461
237536
2048791
231414
2296807
3132798
549706
3215852
497921
1324896
1227022
3526992
297331
4496803
897483
148699
635399
4452723
3871977
849747
3680452
1471882
4890479
1481050
3983257
1096598
257597
3744609
2437731
1937081
1213794
299513
2828379
4709162
1482267
1997130
2299871
749305
2664361
1141532
4329307
759215
2962189
1995219
452308
438611
2972451
1557432
15953
15498
3434329
3015921
4214758
2459542
3110666
3278547
4997918
2677503
3880763
1730894
3171396
329999
1184752
977031
3371278
262646
4307628
1061763
1467239
1840206
1103108
1979454
321560
4399289
2420575
4342556
2148434
2035303
2586317
952119
1962586
1457972
3044864
2990999
1712465
4315246
4229611
196031
763423
2610804
4106677
2287012
1001084
4868729
732698
3285049
1519515
3644456
3534239
4358693
3837235
4551842
4801263
1534166
2964586
181923
1912663
2436271
3454816
49730
2754267
633437
1334742
1826775
2906163
2226503
3665914
3438263
604389
3859236
2461456
156826
90624
45478
3391294
4884382
1866610
2562836
4982772
4286436
1911687
3455605
2062838
3331288
2760446
511976
4808711
1827791
4593930
868369
1976692
1308425
458978
2461422
4728762
4702549
1431557
4023879
984852
3073236
536974
1506244
4510758
4234709
1580655
2682328
1397759
4185312
1468045
1581403
4181902
4143694
3552056
4457334
953253
2097941
2568965
3950967
944418
3420834
1702282
2722693
1637055
1656223
4379318
2590573
2775352
2762260
4834826
3500186
4175189
1122281
3566264
652900
4679315
4849290
2825558
3513855
3655091
4095459
1978239
4960660
2689182
3547595
3893255
3855405
852659
196989
1897496
4622665
1956975
1281600
411950
4789583
1374648
62825
680427
3808288
834502
1940087
2226199
2985861
1193134
257052
769848
2280647
2091405
1166491
4068298
2895454
4674957
4744460
1821276
2766465
2609879
4560957
1843335
4491228
4761493
2621875
2365963
4408800
4228578
1614734
3561991
1231540
4892561
466506
345365
1538569
3855447
4928737
4564032
4210827
880086
1588942
3948131
1255923
1969414
2233773
4105119
2426041
3156994
867711
4534072
4905511
3843181
511881
2945741
2498697
294911
3051355
1353010
4715137
3682672
2770542
4968555
4147382
4904959
2416935
2149896
2481773
2150431
246648
4080088
1020784
720063
3188326
79819
2690218
3106996
4349093
560936
3019989
4315910
760095
148775
4929034
898900
3095187
2143788
4066103
2802020
1220954
3562208
4762287
4326731
3607750
4062702
2587420
3270901
4422435
2244247
1952335
1497042
3129247
109555
1300088
2563422
4482054
4528965
564401
4593355
1042213
1263097
653812
2515660
2288720
2667516
4340013
3560832
456256
2435256
1020843
969465
494548
727083
3848176
2720873
3659640
3791843
3532519
658985
3449187
1698136
3787125
1474469
2018810
361957
4392104
2673126
3212562
4457957
4679244
301565
4737235
586150
1078492
239945
2092023
4920397
1570838
40486
3006002
3289734
3553575
1004018
2286700
909349
4134662
2277629
2048553
232286
1258781
4713548
4804746
3267229
3984481
742794
4296621
1113155
2758850
2351756
3144431
3704639
2582782
2693439
1027473
2156612
4690193
4951537
1805176
1901356
3784583
4075576
152846
2505129
4248817
3332227
3364999
3550435
4889462
3618363
687422
2883636
3698817
71829
624445
1155580
2011992
3007159
2777244
2805537
1719885
2760260
1816192
152806
4660365
1773958
4566149
3946983
399317
4771575
2471862
1585390
3379461
1969836
4667705
114358
1902157
2813663
4741512
1501754
4637763
1982871
3713305
4288760
4639575
4529846
1127648
2417735
3165086
4924959
3732522
4602002
3332362
350145
4137706
4697648
1685179
3329541
2634833
4598945
2141614
1982288
916950
1707304
4964051
995829
3260309
3345664
1480381
1471226
1091412
3873660
2318195
3375493
3757024
2884670
498531
4640406
1356819
3692470
4665206
3357565
1897194
801279
4036472
967377
155503
694989
2544816
327707
2397449
4256799
480495
1952699
3923692
1806775
418951
4461512
3763931
3900935
4898570
4244366
3379518
3930248
2829818
1830326
2564507
420074
1842002
2806211
660404
2005094
58096
3217400
2684414
2194415
2984285
1083992
1670457
616774
1641595
897221
2728688
4705453
891018
29514
4067279
436019
3786326
2815028
171292
2052398
1021057
2203099
2047508
3153351
1213672
1696318
437731
819439
4254325
4595852
434238
2553840
4716865
1521151
1879777
2072990
3554083
523939
4843232
1446508
3059866
2715573
3221676
2055322
4827091
3974950
4686373
4583692
3771479
538687
3950358
1601591
2533843
4718366
1231313
2293876
4316229
2726622
3948584
926711
2835585
439957
1490117
3437913
3782558
1056758
2083815
2459728
1926143
443863
95290
2980609
4111937
3881230
2635345
305900
4098110
3955252
3774786
4926598
3349308
298891
101342
394532
1726198
4325692
152075
2432723
409988
2307193
1127360
2712964
3304553
160641
4047965
1485732
2837305
2822401
4816677
1689930
3400229
4832344
2271577
4651594
4564133
957619
2069490
31463
4227904
1492439
3172410
556773
2108603
3036350
525575
2840251
1564700
4167448
3804629
1351783
2513113
4279922
101823
4234716
913634
3673012
757466
3713687
3597128
1416581
576302
2599951
4792392
1648905
1642002
46219
3502328
2905930
84771
2296973
403981
4056756
738016
1249644
3764039
4355962
3395365
306687
4097273
1015063
4133378
3013813
4355577
4318447
4421304
7682
2366624
387668
2486735
1257396
3067582
3510436
4370199
3729508
3572573
1361103
2527097
4815239
3765296
3986550
2761016
1408804
24729
296431
1526560
1322068
1066085
1894157
3983093
2501635
109276
3317736
4952001
816726
1405139
59199
4700731
3721686
3735874
3528658
2066368
1929871
3144131
266419
4665163
2615640
1523405
3322402
4461892
3374464
2116251
2435655
2954671
586391
2391851
1572106
417029
1028054
3700194
1690194
3787232
683500
462156
261785
4696591
4615718
1275010
580969
3859146
2727033
4657380
4606965
3685631
3644527
2654534
1189206
2012106
4176876
3590632
1696097
2874820
1982428
965084
3994913
3227442
1259196
1465292
1741558
727903
1418241
4187924
2878601
2157316
3839336
1617419
4128106
4111203
153243
3313631
4284873
431731
2109117
80094
169166
2284405
3145299
2845201
2799253
4474405
4415502
3289539
1119945
3321484
4285177
58079
2426908
1323698
4966779
2664119
3095008
3717937
1152970
2024865
428037
4052261
4085229
3617788
1141232
282560
828139
2167248
1762932
3458042
4940693
2846036
3675439
4189989
1054381
1271305
2749444
3596254
4691698
839427
2638896
2702367
1067529
3747463
2796683
2724274
1834633
815888
2415005
959168
1889315
624428
4390107
4222216
4730157
3365251
886205
4156395
3636105
94328
3016381
2461347
3314230
1629160
4429101
1250452
2455155
2381328
3861685
3611707
960715
4698187
2908584
618499
2016066
2993464
3999491
516854
2749402
3142458
2694273
1636369
2582146
2168473
802654
622000
4353756
1639302
3458534
3504744
2374121
4094715
89464
1419955
1742356
2364865
2599260
3669830
1251672
708299
2711934
1824575
4875086
4993856
2536903
1961402
3845143
3662806
1431
3035139
4646946
2709529
2758753
1869797
3759194
4992844
2552034
258337
4692015
1573478
3494783
3475899
381696
3812925
1545146
1058734
3700130
4671361
3268688
1704831
4085648
852382
4652659
809390
500271
710533
726175
1571081
2575932
2603077
2309275
1787228
3231380
3837075
564750
4672259
3093727
4733288
3478332
1081888
811098
240841
152667
1344935
4567680
4186338
139030
3235350
2959765
4684620
1026717
4768642
2421967
3062062
1857959
3528077
2705697
3978047
23173
4965492
3710309
2685737
2476708
702469
2455589
3212489
3748511
1765933
1180165
293715
4661567
1345775
23697
1763155
3939088
1722993
1424863
3867534
2302497
1097649
3197985
401543
1201815
1978005
3962761
704797
2642606
2751327
3783705
501522
2565966
3785215
4074118
690406
3257990
602114
3981768
611809
1333543
3549865
3443777
3607536
1761535
4943508
675271
914535
4454961
3123741
4199312
3424229
3209582
1303042
4683257
3567509
1704594
2558330
2426227
3238161
3771037
3395688
1613066
2258209
3922252
2178797
3875411
4059680
2347091
2668312
756274
2643775
174010
3639801
4802373
1835811
1924177
4246099
2156465
3412330
53393
53999
4825479
4280651
3849297
4590797
4333778
1523099
3896033
143030
4137663
3488684
4269191
4198061
1083113
1301520
3359124
2903299
3111937
3109691
2280609
4457034
793431
1200070
2588587
1231649
2978439
3260368
1643465
1598446
2203650
4022591
832902
1625067
1787128
4887460
1034527
3318231
2888031
398973
4000730
2061708
2887139
627412
4513728
2371312
4644202
3185156
1671610
1849157
709955
4627547
442500
2556508
4877418
4993819
3730384
3266215
4530554
3064667
4287929
2955179
2974704
3999947
1093026
2975636
325783
312981
4350955
4931554
380694
3531550
1225231
2391746
4181138
4805995
1954909
4982839
987969
4174305
508049
2443767
2848780
695589
2618127
2658770
2087584
575330
2663675
4384845
2084306
2973160
1131767
470093
1994668
3760305
190394
927983
3509593
1350400
3820554
4916981
3829224
1128739
3905046
2613210
2760832
2522199
4502386
797894
468385
3076938
4319663
3315869
1663826
4196859
1780950
1374833
4143725
4214077
627649
1522840
4184387
680283
4436119
4610585
1778541
4887958
242722
4775872
747824
2078986
4210767
555665
578636
123759
4676865
3412697
4448930
3711354
3093714
1460319
3587199
1633251
1127079
773242
553609
1900226
395822
462972
156548
610771
2974263
4137164
1509698
3007128
4067628
2742034
1840293
4989982
4684206
3822091
4649426
2137495
2705422
1806076
1471412
2828070
3810277
4188611
1295850
4436410
2023889
589000
1252878
4852242
1074572
2286483
4963363
1710366
340458
120760
230810
4926598
3456623
3646765
546113
1658436
3748938
4786236
4379017
4139756
3930482
211219
2778162
2288076
3254044
2957497
4675605
674286
4113750
1123611
3636238
1434746
777731
2211716
3071235
2161144
3768563
2138924
2092758
2530100
4056095
2533607
1793763
1773370
2060670
3834238
1138614
2478337
3232006
2702619
4900364
4462116
1633346
3348509
268164
2110603
4119372
1280140
1690915
4438056
3836584
3023910
2797632
4747229
3786813
4565656
2442258
3502011
756657
3017224
3727380
3287590
636447
4160015
2488850
4939092
2605624
2845636
4180948
4757364
2685107
4723380
1449700
3627755
594098
4646701
2270652
1183737
4750451
4126265
4274577
1902779
1374063
3209385
817590
4589577
4042067
751687
2172271
3986431
2019864
2382573
576083
2124953
760321
887795
729308
1558072
1633008
1053507
472079
4267137
420902
3280585
1264194
1456549
1946518
3891655
4940943
4781947
853924
2962501
799956
2035976
2739647
1654181
3329315
1371361
2245399
2402453
1892301
784808
4958205
4749853
1954118
4653618
1398999
4541464
2686197
2114569
4351868
779711
2291931
1182797
419954
301665
1167453
3110005
1253185
3484975
3642159
3091955
3725491
820467
3665759
1608502
3422123
661793
4324923
88137
4816992
4975302
991777
1024728
2422196
3780125
4684705
4920147
4563509
2097089
4583504
2341931
4421615
1554428
3660268
4249466
744363
1066045
2768615
196415
3002249
1658280
4623826
4912454
2746869
4162248
3588903
874470
591561
3306976
1734387
115940
2343487
3706207
874782
2054710
3237713
182961
4830040
471522
3310319
1281010
3976738
3308099
921884
4980221
3314870
4869165
4001574
528291
3920341
3595944
4533888
1113527
4015275
4938649
4757374
3229574
4948000
4144959
2108459
3026597
2398461
2091480
4463626
1155810
2698937
266084
4293096
1981148
3575328
65473
4074330
3941423
1109663
1141877
1414745
2550535
3823790
4882699
3959926
3169686
4948570
1682068
752763
1831200
2744878
497358
4041952
4324211
3108605
1873379
881703
715701
2628367
2547528
2645717
318358
4469542
2182150
119629
3167012
3458603
480278
1456522
3287484
4418042
4880164
2455544
556894
3449607
4402806
1698032
316314
3755627
164838
3433679
4042919
1355855
1736139
4128433
2990291
2602867
281782
1029711
3201428
904732
732120
1984306
2068028
3616344
4007361
3968851
2073931
1335343
3649475
4338898
1384926
3725992
1243381
999886
2950534
1729525
662419
2644263
3469236
3080636
4944963
3731470
404624
3166146
1557298
266629
4160552
2454454
2368029
1972152
1705797
3614232
666604
790584
2939226
3860164
1123640
3965008
3335702
1525343
2601710
1839622
2937432
2262301
342539
3324656
1325442
94892
2044999
3444399
133862
1698688
4073358
1669645
3530398
2292156
3744297
3749359
655480
4808826
1519292
4194038
4006477
278327
2773032
4234680
4793331
2660254
3530384
3270678
1783112
3308847
2856313
726266
4488047
4114636
634635
2426928
2855831
3919136
3031860
2104925
3177783
260972
2656108
4029472
2563350
2631023
3414803
1849923
3842566
3257842
1441014
2973085
4266289
2015917
969328
847112
4852107
402457
3617133
2745787
2673639
3670355
271178
22083
4808230
569130
4776984
2773411
2805961
4539717
4429696
448132
106024
1040948
1864896
4152410
2590780
1608657
698835
4601494
2386838
1822546
3724911
1426625
4077043
4367279
1588520
2974012
2617574
2651754
4978034
2587089
3825653
1711808
1666500
2168501
3157889
4077162
4893399
1174940
2543452
2643088
2031437
4875577
3413823
4870539
1023663
2561233
3227219
2468053
1710863
4742011
3325037
1277456
1830540
3874614
3459543
3417327
412916
2607847
4707593
4178309
977220
4140909
1405879
3411560
4384458
3962403
1380228
1369153
1059435
2462449
2092244
1689076
328385
1861583
3405887
1916966
1186268
4592600
2361889
3741615
296042
4468294
1198350
3583966
91441
940432
790499
1214755
4048696
3753693
3963447
1047901
1937734
565539
301233
3150849
1239234
3755297
3736755
4195555
4395705
3738933
3254452
181924
2466367
4434971
1995052
2296761
4241324
3750210
1753896
2296468
1939592
2839308
1927037
3632561
4069441
196707
2652889
4588606
4251928
2621939
1538549
4420455
4565020
117831
3143910
357118
4370255
1303363
3126163
4051332
634981
981948
2108353
4013462
56938
3161903
4032842
2817847
1122499
2232933
2759149
3563766
3613836
2537697
4939839
1708604
1097057
3450818
2482430
678964
4307577
4291132
710085
2511063
4928556
3420269
3822748
594707
4420373
3650463
43367
4593047
977234
4222105
4853247
2587518
4330728
829538
4684830
1173269
578692
2019987
3708788
406411
3206620
4764119
4783638
587060
2135348
1960963
4235606
3316025
3196413
2262668
3802605
1710048
3776151
3254121
2164181
1772404
1231735
1112966
2955124
3137553
3451172
72097
219762
2532814
2015004
1499973
4076267
1361095
1853459
3163809
164608
1556293
2371035
3457157
1216840
965261
1238111
939064
2435556
1342210
4396681
4551032
736433
832823
308292
914831
3164886
2151189
2284827
4493774
3768636
2304229
1367488
315369
423262
2746171
200553
748654
825910
3876096
571477
254436
4276951
3755354
3989229
2646012
3684889
1590010
3815173
4467894
4559662
4673
2473665
18707
589907
2143248
834196
28082
4844963
3599659
2589796
4783690
4978373
3058952
2474826
328963
1199046
1991482
3383733
2920241
2653889
2160309
1116014
3411694
4372411
949821
3057526
3161490
1697739
2526512
149195
2123281
2452150
1970732
1754954
1344754
2531737
310558
953326
1895400
3169151
1649640
822
1575631
4160595
712302
76645
3664132
2700783
2828990
4432419
4372705
845074
1439833
1984513
2579732
3774833
2188258
2185626
2302052
801506
129812
1075934
947585
1315574
2826310
754408
2021894
3336022
2487796
3431235
3072239
3250434
4368309
1547952
2760552
2123275
2432566
1297600
4676957
3067643
341591
3935122
1917293
3787810
249650
1349353
2405180
4089150
3000765
1637033
3259111
1606470
659525
2381999
650195
4714643
3596890
4767882
1513438
1380459
4005642
1531481
4068855
3774188
2081413
3013441
2227402
824530
1604256
4655051
4863379
3645861
1782005
4157465
3046932
410114
1580263
4017283
4934818
4528643
2133251
2008339
3350169
4358670
4407746
236888
375023
542903
766827
1841003
4037350
4848915
3578645
764
1967451
1883418
4546506
700951
1860028
1000312
3004039
3337977
1784535
1388208
85665
2453961
2281165
2869805
4302337
2173237
4332133
3316071
721424
2556714
3518332
1969454
1171181
2966895
3679515
211478
700635
3959647
3412193
735936
229112
3041985
201375
3453440
4474216
1602694
1680450
1804144
2067921
1491934
672875
837649
2893566
2973047
4925787
3952536
3921767
4556627
4511626
1638685
883528
4364740
2458006
4676060
3066029
4467719
2671385
2443877
3350159
3609659