5000000
4999989
4999978
4999967
4999956
4999945
4999934
4999923
4999912
4999901
4999890
4999879
4999868
4999857
4999846
4999835
4999824
4999813
4999802
4999791
4999780
4999769
4999758
4999747
4999736
4999725
4999714
4999703
4999692
4999681
4999670
4999659
4999648
4999637
4999626
4999615
4999604
4999593
4999582
4999571
4999560
4999549
4999538
4999527
4999516
4999505
4999494
4999483
4999472
4999461
4999450
4999439
4999428
4999417
4999406
4999395
4999384
4999373
4999362
4999351
4999340
4999329
4999318
4999307
4999296
4999285
4999274
4999263
4999252
4999241
4999230
4999219
4999208
4999197
4999186
4999175
4999164
4999153
4999142
4999131
4999120
4999109
4999098
4999087
4999076
4999065
4999054
4999043
4999032
4999021
4999010
4998999
4998988
4998977
4998966
4998955
4998944
4998933
4998922
4998911
4998900
4998889
4998878
4998867
4998856
4998845
4998834
4998823
4998812
4998801
4998790
4998779
4998768
4998757
4998746
4998735
4998724
4998713
4998702
4998691
4998680
4998669
4998658
4998647
4998636
4998625
4998614
4998603
4998592
4998581
4998570
4998559
4998548
4998537
4998526
4998515
4998504
4998493
4998482
4998471
4998460
4998449
4998438
4998427
4998416
4998405
4998394
4998383
4998372
4998361
4998350
4998339
4998328
4998317
4998306
4998295
4998284
4998273
4998262
4998251
4998240
4998229
4998218
4998207
4998196
4998185
4998174
4998163
4998152
4998141
4998130
4998119
4998108
4998097
4998086
4998075
4998064
4998053
4998042
4998031
4998020
4998009
4997998
4997987
4997976
4997965
4997954
4997943
4997932
4997921
4997910
4997899
4997888
4997877
4997866
4997855
4997844
4997833
4997822
4997811
4997800
4997789
4997778
4997767
4997756
4997745
4997734
4997723
4997712
4997701
4997690
4997679
4997668
4997657
4997646
4997635
4997624
4997613
4997602
4997591
4997580
4997569
4997558
4997547
4997536
4997525
4997514
4997503
4997492
4997481
4997470
4997459
4997448
4997437
4997426
4997415
4997404
4997393
4997382
4997371
4997360
4997349
4997338
4997327
4997316
4997305
4997294
4997283
4997272
4997261
4997250
4997239
4997228
4997217
4997206
4997195
4997184
4997173
4997162
4997151
4997140
4997129
4997118
4997107
4997096
4997085
4997074
4997063
4997052
4997041
4997030
4997019
4997008
4996997
4996986
4996975
4996964
4996953
4996942
4996931
4996920
4996909
4996898
4996887
4996876
4996865
4996854
4996843
4996832
4996821
4996810
4996799
4996788
4996777
4996766
4996755
4996744
4996733
4996722
4996711
4996700
4996689
4996678
4996667
4996656
4996645
4996634
4996623
4996612
4996601
4996590
4996579
4996568
4996557
4996546
4996535
4996524
4996513
4996502
4996491
4996480
4996469
4996458
4996447
4996436
4996425
4996414
4996403
4996392
4996381
4996370
4996359
4996348
4996337
4996326
4996315
4996304
4996293
4996282
4996271
4996260
4996249
4996238
4996227
4996216
4996205
4996194
4996183
4996172
4996161
4996150
4996139
4996128
4996117
4996106
4996095
4996084
4996073
4996062
4996051
4996040
4996029
4996018
4996007
4995996
4995985
4995974
4995963
4995952
4995941
4995930
4995919
4995908
4995897
4995886
4995875
4995864
4995853
4995842
4995831
4995820
4995809
4995798
4995787
4995776
4995765
4995754
4995743
4995732
4995721
4995710
4995699
4995688
4995677
4995666
4995655
4995644
4995633
4995622
4995611
4995600
4995589
4995578
4995567
4995556
4995545
4995534
4995523
4995512
4995501
4995490
4995479
4995468
4995457
4995446
4995435
4995424
4995413
4995402
4995391
4995380
4995369
4995358
4995347
4995336
4995325
4995314
4995303
4995292
4995281
4995270
4995259
4995248
4995237
4995226
4995215
4995204
4995193
4995182
4995171
4995160
4995149
4995138
4995127
4995116
4995105
4995094
4995083
4995072
4995061
4995050
4995039
4995028
4995017
4995006
4994995
4994984
4994973
4994962
4994951
4994940
4994929
4994918
4994907
4994896
4994885
4994874
4994863
4994852
4994841
4994830
4994819
4994808
4994797
4994786
4994775
4994764
4994753
4994742
4994731
4994720
4994709
4994698
4994687
4994676
4994665
4994654
4994643
4994632
4994621
4994610
4994599
4994588
4994577
4994566
4994555
4994544
4994533
4994522
4994511
4994500
4994489
4994478
4994467
4994456
4994445
4994434
4994423
4994412
4994401
4994390
4994379
4994368
4994357
4994346
4994335
4994324
4994313
4994302
4994291
4994280
4994269
4994258
4994247
4994236
4994225
4994214
4994203
4994192
4994181
4994170
4994159
4994148
4994137
4994126
4994115
4994104
4994093
4994082
4994071
4994060
4994049
4994038
4994027
4994016
4994005
4993994
4993983
4993972
4993961
4993950
4993939
4993928
4993917
4993906
4993895
4993884
4993873
4993862
4993851
4993840
4993829
4993818
4993807
4993796
4993785
4993774
4993763
4993752
4993741
4993730
4993719
4993708
4993697
4993686
4993675
4993664
4993653
4993642
4993631
4993620
4993609
4993598
4993587
4993576
4993565
4993554
4993543
4993532
4993521
4993510
4993499
4993488
4993477
4993466
4993455
4993444
4993433
4993422
4993411
4993400
4993389
4993378
4993367
4993356
4993345
4993334
4993323
4993312
4993301
4993290
4993279
4993268
4993257
4993246
4993235
4993224
4993213
4993202
4993191
4993180
4993169
4993158
4993147
4993136
4993125
4993114
4993103
4993092
4993081
4993070
4993059
4993048
4993037
4993026
4993015
4993004
4992993
4992982
4992971
4992960
4992949
4992938
4992927
4992916
4992905
4992894
4992883
4992872
4992861
4992850
4992839
4992828
4992817
4992806
4992795
4992784
4992773
4992762
4992751
4992740
4992729
4992718
4992707
4992696
4992685
4992674
4992663
4992652
4992641
4992630
4992619
4992608
4992597
4992586
4992575
4992564
4992553
4992542
4992531
4992520
4992509
4992498
4992487
4992476
4992465
4992454
4992443
4992432
4992421
4992410
4992399
4992388
4992377
4992366
4992355
4992344
4992333
4992322
4992311
4992300
4992289
4992278
4992267
4992256
4992245
4992234
4992223
4992212
4992201
4992190
4992179
4992168
4992157
4992146
4992135
4992124
4992113
4992102
4992091
4992080
4992069
4992058
4992047
4992036
4992025
4992014
4992003
4991992
4991981
4991970
4991959
4991948
4991937
4991926
4991915
4991904
4991893
4991882
4991871
4991860
4991849
4991838
4991827
4991816
4991805
4991794
4991783
4991772
4991761
4991750
4991739
4991728
4991717
4991706
4991695
4991684
4991673
4991662
4991651
4991640
4991629
4991618
4991607
4991596
4991585
4991574
4991563
4991552
4991541
4991530
4991519
4991508
4991497
4991486
4991475
4991464
4991453
4991442
4991431
4991420
4991409
4991398
4991387
4991376
4991365
4991354
4991343
4991332
4991321
4991310
4991299
4991288
4991277
4991266
4991255
4991244
4991233
4991222
4991211
4991200
4991189
4991178
4991167
4991156
4991145
4991134
4991123
4991112
4991101
4991090
4991079
4991068
4991057
4991046
4991035
4991024
4991013
4991002
4990991
4990980
4990969
4990958
4990947
4990936
4990925
4990914
4990903
4990892
4990881
4990870
4990859
4990848
4990837
4990826
4990815
4990804
4990793
4990782
4990771
4990760
4990749
4990738
4990727
4990716
4990705
4990694
4990683
4990672
4990661
4990650
4990639
4990628
4990617
4990606
4990595
4990584
4990573
4990562
4990551
4990540
4990529
4990518
4990507
4990496
4990485
4990474
4990463
4990452
4990441
4990430
4990419
4990408
4990397
4990386
4990375
4990364
4990353
4990342
4990331
4990320
4990309
4990298
4990287
4990276
4990265
4990254
4990243
4990232
4990221
4990210
4990199
4990188
4990177
4990166
4990155
4990144
4990133
4990122
4990111
4990100
4990089
4990078
4990067
4990056
4990045
4990034
4990023
4990012
4990001
4989990
4989979
4989968
4989957
4989946
4989935
4989924
4989913
4989902
4989891
4989880
4989869
4989858
4989847
4989836
4989825
4989814
4989803
4989792
4989781
4989770
4989759
4989748
4989737
4989726
4989715
4989704
4989693
4989682
4989671
4989660
4989649
4989638
4989627
4989616
4989605
4989594
4989583
4989572
4989561
4989550
4989539
4989528
4989517
4989506
4989495
4989484
4989473
4989462
4989451
4989440
4989429
4989418
4989407
4989396
4989385
4989374
4989363
4989352
4989341
4989330
4989319
4989308
4989297
4989286
4989275
4989264
4989253
4989242
4989231
4989220
4989209
4989198
4989187
4989176
4989165
4989154
4989143
4989132
4989121
4989110
4989099
4989088
4989077
4989066
4989055
4989044
4989033
4989022
4989011
4989000
4988989
4988978
4988967
4988956
4988945
4988934
4988923
4988912
4988901
4988890
4988879
4988868
4988857
4988846
4988835
4988824
4988813
4988802
4988791
4988780
4988769
4988758
4988747
4988736
4988725
4988714
4988703
4988692
4988681
4988670
4988659
4988648
4988637
4988626
4988615
4988604
4988593
4988582
4988571
4988560
4988549
4988538
4988527
4988516
4988505
4988494
4988483
4988472
4988461
4988450
4988439
4988428
4988417
4988406
4988395
4988384
4988373
4988362
4988351
4988340
4988329
4988318
4988307
4988296
4988285
4988274
4988263
4988252
4988241
4988230
4988219
4988208
4988197
4988186
4988175
4988164
4988153
4988142
4988131
4988120
4988109
4988098
4988087
4988076
4988065
4988054
4988043
4988032
4988021
4988010
4987999
4987988
4987977
4987966
4987955
4987944
4987933
4987922
4987911
4987900
4987889
4987878
4987867
4987856
4987845
4987834
4987823
4987812
4987801
4987790
4987779
4987768
4987757
4987746
4987735
4987724
4987713
4987702
4987691
4987680
4987669
4987658
4987647
4987636
4987625
4987614
4987603
4987592
4987581
4987570
4987559
4987548
4987537
4987526
4987515
4987504
4987493
4987482
4987471
4987460
4987449
4987438
4987427
4987416
4987405
4987394
4987383
4987372
4987361
4987350
4987339
4987328
4987317
4987306
4987295
4987284
4987273
4987262
4987251
4987240
4987229
4987218
4987207
4987196
4987185
4987174
4987163
4987152
4987141
4987130
4987119
4987108
4987097
4987086
4987075
4987064
4987053
4987042
4987031
4987020
4987009
4986998
4986987
4986976
4986965
4986954
4986943
4986932
4986921
4986910
4986899
4986888
4986877
4986866
4986855
4986844
4986833
4986822
4986811
4986800
4986789
4986778
4986767
4986756
4986745
4986734
4986723
4986712
4986701
4986690
4986679
4986668
4986657
4986646
4986635
4986624
4986613
4986602
4986591
4986580
4986569
4986558
4986547
4986536
4986525
4986514
4986503
4986492
4986481
4986470
4986459
4986448
4986437
4986426
4986415
4986404
4986393
4986382
4986371
4986360
4986349
4986338
4986327
4986316
4986305
4986294
4986283
4986272
4986261
4986250
4986239
4986228
4986217
4986206
4986195
4986184
4986173
4986162
4986151
4986140
4986129
4986118
4986107
4986096
4986085
4986074
4986063
4986052
4986041
4986030
4986019
4986008
4985997
4985986
4985975
4985964
4985953
4985942
4985931
4985920
4985909
4985898
4985887
4985876
4985865
4985854
4985843
4985832
4985821
4985810
4985799
4985788
4985777
4985766
4985755
4985744
4985733
4985722
4985711
4985700
4985689
4985678
4985667
4985656
4985645
4985634
4985623
4985612
4985601
4985590
4985579
4985568
4985557
4985546
4985535
4985524
4985513
4985502
4985491
4985480
4985469
4985458
4985447
4985436
4985425
4985414
4985403
4985392
4985381
4985370
4985359
4985348
4985337
4985326
4985315
4985304
4985293
4985282
4985271
4985260
4985249
4985238
4985227
4985216
4985205
4985194
4985183
4985172
4985161
4985150
4985139
4985128
4985117
4985106
4985095
4985084
4985073
4985062
4985051
4985040
4985029
4985018
4985007
4984996
4984985
4984974
4984963
4984952
4984941
4984930
4984919
4984908
4984897
4984886
4984875
4984864
4984853
4984842
4984831
4984820
4984809
4984798
4984787
4984776
4984765
4984754
4984743
4984732
4984721
4984710
4984699
4984688
4984677
4984666
4984655
4984644
4984633
4984622
4984611
4984600
4984589
4984578
4984567
4984556
4984545
4984534
4984523
4984512
4984501
4984490
4984479
4984468
4984457
4984446
4984435
4984424
4984413
4984402
4984391
4984380
4984369
4984358
4984347
4984336
4984325
4984314
4984303
4984292
4984281
4984270
4984259
4984248
4984237
4984226
4984215
4984204
4984193
4984182
4984171
4984160
4984149
4984138
4984127
4984116
4984105
4984094
4984083
4984072
4984061
4984050
4984039
4984028
4984017
4984006
4983995
4983984
4983973
4983962
4983951
4983940
4983929
4983918
4983907
4983896
4983885
4983874
4983863
4983852
4983841
4983830
4983819
4983808
4983797
4983786
4983775
4983764
4983753
4983742
4983731
4983720
4983709
4983698
4983687
4983676
4983665
4983654
4983643
4983632
4983621
4983610
4983599
4983588
4983577
4983566
4983555
4983544
4983533
4983522
4983511
4983500
4983489
4983478
4983467
4983456
4983445
4983434
4983423
4983412
4983401
4983390
4983379
4983368
4983357
4983346
4983335
4983324
4983313
4983302
4983291
4983280
4983269
4983258
4983247
4983236
4983225
4983214
4983203
4983192
4983181
4983170
4983159
4983148
4983137
4983126
4983115
4983104
4983093
4983082
4983071
4983060
4983049
4983038
4983027
4983016
4983005
4982994
4982983
4982972
4982961
4982950
4982939
4982928
4982917
4982906
4982895
4982884
4982873
4982862
4982851
4982840
4982829
4982818
4982807
4982796
4982785
4982774
4982763
4982752
4982741
4982730
4982719
4982708
4982697
4982686
4982675
4982664
4982653
4982642
4982631
4982620
4982609
4982598
4982587
4982576
4982565
4982554
4982543
4982532
4982521
4982510
4982499
4982488
4982477
4982466
4982455
4982444
4982433
4982422
4982411
4982400
4982389
4982378
4982367
4982356
4982345
4982334
4982323
4982312
4982301
4982290
4982279
4982268
4982257
4982246
4982235
4982224
4982213
4982202
4982191
4982180
4982169
4982158
4982147
4982136
4982125
4982114
4982103
4982092
4982081
4982070
4982059
4982048
4982037
4982026
4982015
4982004
4981993
4981982
4981971
4981960
4981949
4981938
4981927
4981916
4981905
4981894
4981883
4981872
4981861
4981850
4981839
4981828
4981817
4981806
4981795
4981784
4981773
4981762
4981751
4981740
4981729
4981718
4981707
4981696
4981685
4981674
4981663
4981652
4981641
4981630
4981619
4981608
4981597
4981586
4981575
4981564
4981553
4981542
4981531
4981520
4981509
4981498
4981487
4981476
4981465
4981454
4981443
4981432
4981421
4981410
4981399
4981388
4981377
4981366
4981355
4981344
4981333
4981322
4981311
4981300
4981289
4981278
4981267
4981256
4981245
4981234
4981223
4981212
4981201
4981190
4981179
4981168
4981157
4981146
4981135
4981124
4981113
4981102
4981091
4981080
4981069
4981058
4981047
4981036
4981025
4981014
4981003
4980992
4980981
4980970
4980959
4980948
4980937
4980926
4980915
4980904
4980893
4980882
4980871
4980860
4980849
4980838
4980827
4980816
4980805
4980794
4980783
4980772
4980761
4980750
4980739
4980728
4980717
4980706
4980695
4980684
4980673
4980662
4980651
4980640
4980629
4980618
4980607
4980596
4980585
4980574
4980563
4980552
4980541
4980530
4980519
4980508
4980497
4980486
4980475
4980464
4980453
4980442
4980431
4980420
4980409
4980398
4980387
4980376
4980365
4980354
4980343
4980332
4980321
4980310
4980299
4980288
4980277
4980266
4980255
4980244
4980233
4980222
4980211
4980200
4980189
4980178
4980167
4980156
4980145
4980134
4980123
4980112
4980101
4980090
4980079
4980068
4980057
4980046
4980035
4980024
4980013
4980002
4979991
4979980
4979969
4979958
4979947
4979936
4979925
4979914
4979903
4979892
4979881
4979870
4979859
4979848
4979837
4979826
4979815
4979804
4979793
4979782
4979771
4979760
4979749
4979738
4979727
4979716
4979705
4979694
4979683
4979672
4979661
4979650
4979639
4979628
4979617
4979606
4979595
4979584
4979573
4979562
4979551
4979540
4979529
4979518
4979507
4979496
4979485
4979474
4979463
4979452
4979441
4979430
4979419
4979408
4979397
4979386
4979375
4979364
4979353
4979342
4979331
4979320
4979309
4979298
4979287
4979276
4979265
4979254
4979243
4979232
4979221
4979210
4979199
4979188
4979177
4979166
4979155
4979144
4979133
4979122
4979111
4979100
4979089
4979078
4979067
4979056
4979045
4979034
4979023
4979012
4979001
4978990
4978979
4978968
4978957
4978946
4978935
4978924
4978913
4978902
4978891
4978880
4978869
4978858
4978847
4978836
4978825
4978814
4978803
4978792
4978781
4978770
4978759
4978748
4978737
4978726
4978715
4978704
4978693
4978682
4978671
4978660
4978649
4978638
4978627
4978616
4978605
4978594
4978583
4978572
4978561
4978550
4978539
4978528
4978517
4978506
4978495
4978484
4978473
4978462
4978451
4978440
4978429
4978418
4978407
4978396
4978385
4978374
4978363
4978352
4978341
4978330
4978319
4978308
4978297
4978286
4978275
4978264
4978253
4978242
4978231
4978220
4978209
4978198
4978187
4978176
4978165
4978154
4978143
4978132
4978121
4978110
4978099
4978088
4978077
4978066
4978055
4978044
4978033
4978022
4978011
4978000
4977989
4977978
4977967
4977956
4977945
4977934
4977923
4977912
4977901
4977890
4977879
4977868
4977857
4977846
4977835
4977824
4977813
4977802
4977791
4977780
4977769
4977758
4977747
4977736
4977725
4977714
4977703
4977692
4977681
4977670
4977659
4977648
4977637
4977626
4977615
4977604
4977593
4977582
4977571
4977560
4977549
4977538
4977527
4977516
4977505
4977494
4977483
4977472
4977461
4977450
4977439
4977428
4977417
4977406
4977395
4977384
4977373
4977362
4977351
4977340
4977329
4977318
4977307
4977296
4977285
4977274
4977263
4977252
4977241
4977230
4977219
4977208
4977197
4977186
4977175
4977164
4977153
4977142
4977131
4977120
4977109
4977098
4977087
4977076
4977065
4977054
4977043
4977032
4977021
4977010
4976999
4976988
4976977
4976966
4976955
4976944
4976933
4976922
4976911
4976900
4976889
4976878
4976867
4976856
4976845
4976834
4976823
4976812
4976801
4976790
4976779
4976768
4976757
4976746
4976735
4976724
4976713
4976702
4976691
4976680
4976669
4976658
4976647
4976636
4976625
4976614
4976603
4976592
4976581
4976570
4976559
4976548
4976537
4976526
4976515
4976504
4976493
4976482
4976471
4976460
4976449
4976438
4976427
4976416
4976405
4976394
4976383
4976372
4976361
4976350
4976339
4976328
4976317
4976306
4976295
4976284
4976273
4976262
4976251
4976240
4976229
4976218
4976207
4976196
4976185
4976174
4976163
4976152
4976141
4976130
4976119
4976108
4976097
4976086
4976075
4976064
4976053
4976042
4976031
4976020
4976009
4975998
4975987
4975976
4975965
4975954
4975943
4975932
4975921
4975910
4975899
4975888
4975877
4975866
4975855
4975844
4975833
4975822
4975811
4975800
4975789
4975778
4975767
4975756
4975745
4975734
4975723
4975712
4975701
4975690
4975679
4975668
4975657
4975646
4975635
4975624
4975613
4975602
4975591
4975580
4975569
4975558
4975547
4975536
4975525
4975514
4975503
4975492
4975481
4975470
4975459
4975448
4975437
4975426
4975415
4975404
4975393
4975382
4975371
4975360
4975349
4975338
4975327
4975316
4975305
4975294
4975283
4975272
4975261
4975250
4975239
4975228
4975217
4975206
4975195
4975184
4975173
4975162
4975151
4975140
4975129
4975118
4975107
4975096
4975085
4975074
4975063
4975052
4975041
4975030
4975019
4975008
4974997
4974986
4974975
4974964
4974953
4974942
4974931
4974920
4974909
4974898
4974887
4974876
4974865
4974854
4974843
4974832
4974821
4974810
4974799
4974788
4974777
4974766
4974755
4974744
4974733
4974722
4974711
4974700
4974689
4974678
4974667
4974656
4974645
4974634
4974623
4974612
4974601
4974590
4974579
4974568
4974557
4974546
4974535
4974524
4974513
4974502
4974491
4974480
4974469
4974458
4974447
4974436
4974425
4974414
4974403
4974392
4974381
4974370
4974359
4974348
4974337
4974326
4974315
4974304
4974293
4974282
4974271
4974260
4974249
4974238
4974227
4974216
4974205
4974194
4974183
4974172
4974161
4974150
4974139
4974128
4974117
4974106
4974095
4974084
4974073
4974062
4974051
4974040
4974029
4974018
4974007
4973996
4973985
4973974
4973963
4973952
4973941
4973930
4973919
4973908
4973897
4973886
4973875
4973864
4973853
4973842
4973831
4973820
4973809
4973798
4973787
4973776
4973765
4973754
4973743
4973732
4973721
4973710
4973699
4973688
4973677
4973666
4973655
4973644
4973633
4973622
4973611
4973600
4973589
4973578
4973567
4973556
4973545
4973534
4973523
4973512
4973501
4973490
4973479
4973468
4973457
4973446
4973435
4973424
4973413
4973402
4973391
4973380
4973369
4973358
4973347
4973336
4973325
4973314
4973303
4973292
4973281
4973270
4973259
4973248
4973237
4973226
4973215
4973204
4973193
4973182
4973171
4973160
4973149
4973138
4973127
4973116
4973105
4973094
4973083
4973072
4973061
4973050
4973039
4973028
4973017
4973006
4972995
4972984
4972973
4972962
4972951
4972940
4972929
4972918
4972907
4972896
4972885
4972874
4972863
4972852
4972841
4972830
4972819
4972808
4972797
4972786
4972775
4972764
4972753
4972742
4972731
4972720
4972709
4972698
4972687
4972676
4972665
4972654
4972643
4972632
4972621
4972610
4972599
4972588
4972577
4972566
4972555
4972544
4972533
4972522
4972511
4972500
4972489
4972478
4972467
4972456
4972445
4972434
4972423
4972412
4972401
4972390
4972379
4972368
4972357
4972346
4972335
4972324
4972313
4972302
4972291
4972280
4972269
4972258
4972247
4972236
4972225
4972214
4972203
4972192
4972181
4972170
4972159
4972148
4972137
4972126
4972115
4972104
4972093
4972082
4972071
4972060
4972049
4972038
4972027
4972016
4972005
4971994
4971983
4971972
4971961
4971950
4971939
4971928
4971917
4971906
4971895
4971884
4971873
4971862
4971851
4971840
4971829
4971818
4971807
4971796
4971785
4971774
4971763
4971752
4971741
4971730
4971719
4971708
4971697
4971686
4971675
4971664
4971653
4971642
4971631
4971620
4971609
4971598
4971587
4971576
4971565
4971554
4971543
4971532
4971521
4971510
4971499
4971488
4971477
4971466
4971455
4971444
4971433
4971422
4971411
4971400
4971389
4971378
4971367
4971356
4971345
4971334
4971323
4971312
4971301
4971290
4971279
4971268
4971257
4971246
4971235
4971224
4971213
4971202
4971191
4971180
4971169
4971158
4971147
4971136
4971125
4971114
4971103
4971092
4971081
4971070
4971059
4971048
4971037
4971026
4971015
4971004
4970993
4970982
4970971
4970960
4970949
4970938
4970927
4970916
4970905
4970894
4970883
4970872
4970861
4970850
4970839
4970828
4970817
4970806
4970795
4970784
4970773
4970762
4970751
4970740
4970729
4970718
4970707
4970696
4970685
4970674
4970663
4970652
4970641
4970630
4970619
4970608
4970597
4970586
4970575
4970564
4970553
4970542
4970531
4970520
4970509
4970498
4970487
4970476
4970465
4970454
4970443
4970432
4970421
4970410
4970399
4970388
4970377
4970366
4970355
4970344
4970333
4970322
4970311
4970300
4970289
4970278
4970267
4970256
4970245
4970234
4970223
4970212
4970201
4970190
4970179
4970168
4970157
4970146
4970135
4970124
4970113
4970102
4970091
4970080
4970069
4970058
4970047
4970036
4970025
4970014
4970003
4969992
4969981
4969970
4969959
4969948
4969937
4969926
4969915
4969904
4969893
4969882
4969871
4969860
4969849
4969838
4969827
4969816
4969805
4969794
4969783
4969772
4969761
4969750
4969739
4969728
4969717
4969706
4969695
4969684
4969673
4969662
4969651
4969640
4969629
4969618
4969607
4969596
4969585
4969574
4969563
4969552
4969541
4969530
4969519
4969508
4969497
4969486
4969475
4969464
4969453
4969442
4969431
4969420
4969409
4969398
4969387
4969376
4969365
4969354
4969343
4969332
4969321
4969310
4969299
4969288
4969277
4969266
4969255
4969244
4969233
4969222
4969211
4969200
4969189
4969178
4969167
4969156
4969145
4969134
4969123
4969112
4969101
4969090
4969079
4969068
4969057
4969046
4969035
4969024
4969013
4969002
4968991
4968980
4968969
4968958
4968947
4968936
4968925
4968914
4968903
4968892
4968881
4968870
4968859
4968848
4968837
4968826
4968815
4968804
4968793
4968782
4968771
4968760
4968749
4968738
4968727
4968716
4968705
4968694
4968683
4968672
4968661
4968650
4968639
4968628
4968617
4968606
4968595
4968584
4968573
4968562
4968551
4968540
4968529
4968518
4968507
4968496
4968485
4968474
4968463
4968452
4968441
4968430
4968419
4968408
4968397
4968386
4968375
4968364
4968353
4968342
4968331
4968320
4968309
4968298
4968287
4968276
4968265
4968254
4968243
4968232
4968221
4968210
4968199
4968188
4968177
4968166
4968155
4968144
4968133
4968122
4968111
4968100
4968089
4968078
4968067
4968056
4968045
4968034
4968023
4968012
4968001
4967990
4967979
4967968
4967957
4967946
4967935
4967924
4967913
4967902
4967891
4967880
4967869
4967858
4967847
4967836
4967825
4967814
4967803
4967792
4967781
4967770
4967759
4967748
4967737
4967726
4967715
4967704
4967693
4967682
4967671
4967660
4967649
4967638
4967627
4967616
4967605
4967594
4967583
4967572
4967561
4967550
4967539
4967528
4967517
4967506
4967495
4967484
4967473
4967462
4967451
4967440
4967429
4967418
4967407
4967396
4967385
4967374
4967363
4967352
4967341
4967330
4967319
4967308
4967297
4967286
4967275
4967264
4967253
4967242
4967231
4967220
4967209
4967198
4967187
4967176
4967165
4967154
4967143
4967132
4967121
4967110
4967099
4967088
4967077
4967066
4967055
4967044
4967033
4967022
4967011
4967000
4966989
4966978
4966967
4966956
4966945
4966934
4966923
4966912
4966901
4966890
4966879
4966868
4966857
4966846
4966835
4966824
4966813
4966802
4966791
4966780
4966769
4966758
4966747
4966736
4966725
4966714
4966703
4966692
4966681
4966670
4966659
4966648
4966637
4966626
4966615
4966604
4966593
4966582
4966571
4966560
4966549
4966538
4966527
4966516
4966505
4966494
4966483
4966472
4966461
4966450
4966439
4966428
4966417
4966406
4966395
4966384
4966373
4966362
4966351
4966340
4966329
4966318
4966307
4966296
4966285
4966274
4966263
4966252
4966241
4966230
4966219
4966208
4966197
4966186
4966175
4966164
4966153
4966142
4966131
4966120
4966109
4966098
4966087
4966076
4966065
4966054
4966043
4966032
4966021
4966010
4965999
4965988
4965977
4965966
4965955
4965944
4965933
4965922
4965911
4965900
4965889
4965878
4965867
4965856
4965845
4965834
4965823
4965812
4965801
4965790
4965779
4965768
4965757
4965746
4965735
4965724
4965713
4965702
4965691
4965680
4965669
4965658
4965647
4965636
4965625
4965614
4965603
4965592
4965581
4965570
4965559
4965548
4965537
4965526
4965515
4965504
4965493
4965482
4965471
4965460
4965449
4965438
4965427
4965416
4965405
4965394
4965383
4965372
4965361
4965350
4965339
4965328
4965317
4965306
4965295
4965284
4965273
4965262
4965251
4965240
4965229
4965218
4965207
4965196
4965185
4965174
4965163
4965152
4965141
4965130
4965119
4965108
4965097
4965086
4965075
4965064
4965053
4965042
4965031
4965020
4965009
4964998
4964987
4964976
4964965
4964954
4964943
4964932
4964921
4964910
4964899
4964888
4964877
4964866
4964855
4964844
4964833
4964822
4964811
4964800
4964789
4964778
4964767
4964756
4964745
4964734
4964723
4964712
4964701
4964690
4964679
4964668
4964657
4964646
4964635
4964624
4964613
4964602
4964591
4964580
4964569
4964558
4964547
4964536
4964525
4964514
4964503
4964492
4964481
4964470
4964459
4964448
4964437
4964426
4964415
4964404
4964393
4964382
4964371
4964360
4964349
4964338
4964327
4964316
4964305
4964294
4964283
4964272
4964261
4964250
4964239
4964228
4964217
4964206
4964195
4964184
4964173
4964162
4964151
4964140
4964129
4964118
4964107
4964096
4964085
4964074
4964063
4964052
4964041
4964030
4964019
4964008
4963997
4963986
4963975
4963964
4963953
4963942
4963931
4963920
4963909
4963898
4963887
4963876
4963865
4963854
4963843
4963832
4963821
4963810
4963799
4963788
4963777
4963766
4963755
4963744
4963733
4963722
4963711
4963700
4963689
4963678
4963667
4963656
4963645
4963634
4963623
4963612
4963601
4963590
4963579
4963568
4963557
4963546
4963535
4963524
4963513
4963502
4963491
4963480
4963469
4963458
4963447
4963436
4963425
4963414
4963403
4963392
4963381
4963370
4963359
4963348
4963337
4963326
4963315
4963304
4963293
4963282
4963271
4963260
4963249
4963238
4963227
4963216
4963205
4963194
4963183
4963172
4963161
4963150
4963139
4963128
4963117
4963106
4963095
4963084
4963073
4963062
4963051
4963040
4963029
4963018
4963007
4962996
4962985
4962974
4962963
4962952
4962941
4962930
4962919
4962908
4962897
4962886
4962875
4962864
4962853
4962842
4962831
4962820
4962809
4962798
4962787
4962776
4962765
4962754
4962743
4962732
4962721
4962710
4962699
4962688
4962677
4962666
4962655
4962644
4962633
4962622
4962611
4962600
4962589
4962578
4962567
4962556
4962545
4962534
4962523
4962512
4962501
4962490
4962479
4962468
4962457
4962446
4962435
4962424
4962413
4962402
4962391
4962380
4962369
4962358
4962347
4962336
4962325
4962314
4962303
4962292
4962281
4962270
4962259
4962248
4962237
4962226
4962215
4962204
4962193
4962182
4962171
4962160
4962149
4962138
4962127
4962116
4962105
4962094
4962083
4962072
4962061
4962050
4962039
4962028
4962017
4962006
4961995
4961984
4961973
4961962
4961951
4961940
4961929
4961918
4961907
4961896
4961885
4961874
4961863
4961852
4961841
4961830
4961819
4961808
4961797
4961786
4961775
4961764
4961753
4961742
4961731
4961720
4961709
4961698
4961687
4961676
4961665
4961654
4961643
4961632
4961621
4961610
4961599
4961588
4961577
4961566
4961555
4961544
4961533
4961522
4961511
4961500
4961489
4961478
4961467
4961456
4961445
4961434
4961423
4961412
4961401
4961390
4961379
4961368
4961357
4961346
4961335
4961324
4961313
4961302
4961291
4961280
4961269
4961258
4961247
4961236
4961225
4961214
4961203
4961192
4961181
4961170
4961159
4961148
4961137
4961126
4961115
4961104
4961093
4961082
4961071
4961060
4961049
4961038
4961027
4961016
4961005
4960994
4960983
4960972
4960961
4960950
4960939
4960928
4960917
4960906
4960895
4960884
4960873
4960862
4960851
4960840
4960829
4960818
4960807
4960796
4960785
4960774
4960763
4960752
4960741
4960730
4960719
4960708
4960697
4960686
4960675
4960664
4960653
4960642
4960631
4960620
4960609
4960598
4960587
4960576
4960565
4960554
4960543
4960532
4960521
4960510
4960499
4960488
4960477
4960466
4960455
4960444
4960433
4960422
4960411
4960400
4960389
4960378
4960367
4960356
4960345
4960334
4960323
4960312
4960301
4960290
4960279
4960268
4960257
4960246
4960235
4960224
4960213
4960202
4960191
4960180
4960169
4960158
4960147
4960136
4960125
4960114
4960103
4960092
4960081
4960070
4960059
4960048
4960037
4960026
4960015
4960004
4959993
4959982
4959971
4959960
4959949
4959938
4959927
4959916
4959905
4959894
4959883
4959872
4959861
4959850
4959839
4959828
4959817
4959806
4959795
4959784
4959773
4959762
4959751
4959740
4959729
4959718
4959707
4959696
4959685
4959674
4959663
4959652
4959641
4959630
4959619
4959608
4959597
4959586
4959575
4959564
4959553
4959542
4959531
4959520
4959509
4959498
4959487
4959476
4959465
4959454
4959443
4959432
4959421
4959410
4959399
4959388
4959377
4959366
4959355
4959344
4959333
4959322
4959311
4959300
4959289
4959278
4959267
4959256
4959245
4959234
4959223
4959212
4959201
4959190
4959179
4959168
4959157
4959146
4959135
4959124
4959113
4959102
4959091
4959080
4959069
4959058
4959047
4959036
4959025
4959014
4959003
4958992
4958981
4958970
4958959
4958948
4958937
4958926
4958915
4958904
4958893
4958882
4958871
4958860
4958849
4958838
4958827
4958816
4958805
4958794
4958783
4958772
4958761
4958750
4958739
4958728
4958717
4958706
4958695
4958684
4958673
4958662
4958651
4958640
4958629
4958618
4958607
4958596
4958585
4958574
4958563
4958552
4958541
4958530
4958519
4958508
4958497
4958486
4958475
4958464
4958453
4958442
4958431
4958420
4958409
4958398
4958387
4958376
4958365
4958354
4958343
4958332
4958321
4958310
4958299
4958288
4958277
4958266
4958255
4958244
4958233
4958222
4958211
4958200
4958189
4958178
4958167
4958156
4958145
4958134
4958123
4958112
4958101
4958090
4958079
4958068
4958057
4958046
4958035
4958024
4958013
4958002
4957991
4957980
4957969
4957958
4957947
4957936
4957925
4957914
4957903
4957892
4957881
4957870
4957859
4957848
4957837
4957826
4957815
4957804
4957793
4957782
4957771
4957760
4957749
4957738
4957727
4957716
4957705
4957694
4957683
4957672
4957661
4957650
4957639
4957628
4957617
4957606
4957595
4957584
4957573
4957562
4957551
4957540
4957529
4957518
4957507
4957496
4957485
4957474
4957463
4957452
4957441
4957430
4957419
4957408
4957397
4957386
4957375
4957364
4957353
4957342
4957331
4957320
4957309
4957298
4957287
4957276
4957265
4957254
4957243
4957232
4957221
4957210
4957199
4957188
4957177
4957166
4957155
4957144
4957133
4957122
4957111
4957100
4957089
4957078
4957067
4957056
4957045
4957034
4957023
4957012
4957001
4956990
4956979
4956968
4956957
4956946
4956935
4956924
4956913
4956902
4956891
4956880
4956869
4956858
4956847
4956836
4956825
4956814
4956803
4956792
4956781
4956770
4956759
4956748
4956737
4956726
4956715
4956704
4956693
4956682
4956671
4956660
4956649
4956638
4956627
4956616
4956605
4956594
4956583
4956572
4956561
4956550
4956539
4956528
4956517
4956506
4956495
4956484
4956473
4956462
4956451
4956440
4956429
4956418
4956407
4956396
4956385
4956374
4956363
4956352
4956341
4956330
4956319
4956308
4956297
4956286
4956275
4956264
4956253
4956242
4956231
4956220
4956209
4956198
4956187
4956176
4956165
4956154
4956143
4956132
4956121
4956110
4956099
4956088
4956077
4956066
4956055
4956044
4956033
4956022
4956011
4956000
4955989
4955978
4955967
4955956
4955945
4955934
4955923
4955912
4955901
4955890
4955879
4955868
4955857
4955846
4955835
4955824
4955813
4955802
4955791
4955780
4955769
4955758
4955747
4955736
4955725
4955714
4955703
4955692
4955681
4955670
4955659
4955648
4955637
4955626
4955615
4955604
4955593
4955582
4955571
4955560
4955549
4955538
4955527
4955516
4955505
4955494
4955483
4955472
4955461
4955450
4955439
4955428
4955417
4955406
4955395
4955384
4955373
4955362
4955351
4955340
4955329
4955318
4955307
4955296
4955285
4955274
4955263
4955252
4955241
4955230
4955219
4955208
4955197
4955186
4955175
4955164
4955153
4955142
4955131
4955120
4955109
4955098
4955087
4955076
4955065
4955054
4955043
4955032
4955021
4955010
4954999
4954988
4954977
4954966
4954955
4954944
4954933
4954922
4954911
4954900
4954889
4954878
4954867
4954856
4954845
4954834
4954823
4954812
4954801
4954790
4954779
4954768
4954757
4954746
4954735
4954724
4954713
4954702
4954691
4954680
4954669
4954658
4954647
4954636
4954625
4954614
4954603
4954592
4954581
4954570
4954559
4954548
4954537
4954526
4954515
4954504
4954493
4954482
4954471
4954460
4954449
4954438
4954427
4954416
4954405
4954394
4954383
4954372
4954361
4954350
4954339
4954328
4954317
4954306
4954295
4954284
4954273
4954262
4954251
4954240
4954229
4954218
4954207
4954196
4954185
4954174
4954163
4954152
4954141
4954130
4954119
4954108
4954097
4954086
4954075
4954064
4954053
4954042
4954031
4954020
4954009
4953998
4953987
4953976
4953965
4953954
4953943
4953932
4953921
4953910
4953899
4953888
4953877
4953866
4953855
4953844
4953833
4953822
4953811
4953800
4953789
4953778
4953767
4953756
4953745
4953734
4953723
4953712
4953701
4953690
4953679
4953668
4953657
4953646
4953635
4953624
4953613
4953602
4953591
4953580
4953569
4953558
4953547
4953536
4953525
4953514
4953503
4953492
4953481
4953470
4953459
4953448
4953437
4953426
4953415
4953404
4953393
4953382
4953371
4953360
4953349
4953338
4953327
4953316
4953305
4953294
4953283
4953272
4953261
4953250
4953239
4953228
4953217
4953206
4953195
4953184
4953173
4953162
4953151
4953140
4953129
4953118
4953107
4953096
4953085
4953074
4953063
4953052
4953041
4953030
4953019
4953008
4952997
4952986
4952975
4952964
4952953
4952942
4952931
4952920
4952909
4952898
4952887
4952876
4952865
4952854
4952843
4952832
4952821
4952810
4952799
4952788
4952777
4952766
4952755
4952744
4952733
4952722
4952711
4952700
4952689
4952678
4952667
4952656
4952645
4952634
4952623
4952612
4952601
4952590
4952579
4952568
4952557
4952546
4952535
4952524
4952513
4952502
4952491
4952480
4952469
4952458
4952447
4952436
4952425
4952414
4952403
4952392
4952381
4952370
4952359
4952348
4952337
4952326
4952315
4952304
4952293
4952282
4952271
4952260
4952249
4952238
4952227
4952216
4952205
4952194
4952183
4952172
4952161
4952150
4952139
4952128
4952117
4952106
4952095
4952084
4952073
4952062
4952051
4952040
4952029
4952018
4952007
4951996
4951985
4951974
4951963
4951952
4951941
4951930
4951919
4951908
4951897
4951886
4951875
4951864
4951853
4951842
4951831
4951820
4951809
4951798
4951787
4951776
4951765
4951754
4951743
4951732
4951721
4951710
4951699
4951688
4951677
4951666
4951655
4951644
4951633
4951622
4951611
4951600
4951589
4951578
4951567
4951556
4951545
4951534
4951523
4951512
4951501
4951490
4951479
4951468
4951457
4951446
4951435
4951424
4951413
4951402
4951391
4951380
4951369
4951358
4951347
4951336
4951325
4951314
4951303
4951292
4951281
4951270
4951259
4951248
4951237
4951226
4951215
4951204
4951193
4951182
4951171
4951160
4951149
4951138
4951127
4951116
4951105
4951094
4951083
4951072
4951061
4951050
4951039
4951028
4951017
4951006
4950995
4950984
4950973
4950962
4950951
4950940
4950929
4950918
4950907
4950896
4950885
4950874
4950863
4950852
4950841
4950830
4950819
4950808
4950797
4950786
4950775
4950764
4950753
4950742
4950731
4950720
4950709
4950698
4950687
4950676
4950665
4950654
4950643
4950632
4950621
4950610
4950599
4950588
4950577
4950566
4950555
4950544
4950533
4950522
4950511
4950500
4950489
4950478
4950467
4950456
4950445
4950434
4950423
4950412
4950401
4950390
4950379
4950368
4950357
4950346
4950335
4950324
4950313
4950302
4950291
4950280
4950269
4950258
4950247
4950236
4950225
4950214
4950203
4950192
4950181
4950170
4950159
4950148
4950137
4950126
4950115
4950104
4950093
4950082
4950071
4950060
4950049
4950038
4950027
4950016
4950005
4949994
4949983
4949972
4949961
4949950
4949939
4949928
4949917
4949906
4949895
4949884
4949873
4949862
4949851
4949840
4949829
4949818
4949807
4949796
4949785
4949774
4949763
4949752
4949741
4949730
4949719
4949708
4949697
4949686
4949675
4949664
4949653
4949642
4949631
4949620
4949609
4949598
4949587
4949576
4949565
4949554
4949543
4949532
4949521
4949510
4949499
4949488
4949477
4949466
4949455
4949444
4949433
4949422
4949411
4949400
4949389
4949378
4949367
4949356
4949345
4949334
4949323
4949312
4949301
4949290
4949279
4949268
4949257
4949246
4949235
4949224
4949213
4949202
4949191
4949180
4949169
4949158
4949147
4949136
4949125
4949114
4949103
4949092
4949081
4949070
4949059
4949048
4949037
4949026
4949015
4949004
4948993
4948982
4948971
4948960
4948949
4948938
4948927
4948916
4948905
4948894
4948883
4948872
4948861
4948850
4948839
4948828
4948817
4948806
4948795
4948784
4948773
4948762
4948751
4948740
4948729
4948718
4948707
4948696
4948685
4948674
4948663
4948652
4948641
4948630
4948619
4948608
4948597
4948586
4948575
4948564
4948553
4948542
4948531
4948520
4948509
4948498
4948487
4948476
4948465
4948454
4948443
4948432
4948421
4948410
4948399
4948388
4948377
4948366
4948355
4948344
4948333
4948322
4948311
4948300
4948289
4948278
4948267
4948256
4948245
4948234
4948223
4948212
4948201
4948190
4948179
4948168
4948157
4948146
4948135
4948124
4948113
4948102
4948091
4948080
4948069
4948058
4948047
4948036
4948025
4948014
4948003
4947992
4947981
4947970
4947959
4947948
4947937
4947926
4947915
4947904
4947893
4947882
4947871
4947860
4947849
4947838
4947827
4947816
4947805
4947794
4947783
4947772
4947761
4947750
4947739
4947728
4947717
4947706
4947695
4947684
4947673
4947662
4947651
4947640
4947629
4947618
4947607
4947596
4947585
4947574
4947563
4947552
4947541
4947530
4947519
4947508
4947497
4947486
4947475
4947464
4947453
4947442
4947431
4947420
4947409
4947398
4947387
4947376
4947365
4947354
4947343
4947332
4947321
4947310
4947299
4947288
4947277
4947266
4947255
4947244
4947233
4947222
4947211
4947200
4947189
4947178
4947167
4947156
4947145
4947134
4947123
4947112
4947101
4947090
4947079
4947068
4947057
4947046
4947035
4947024
4947013
4947002
4946991
4946980
4946969
4946958
4946947
4946936
4946925
4946914
4946903
4946892
4946881
4946870
4946859
4946848
4946837
4946826
4946815
4946804
4946793
4946782
4946771
4946760
4946749
4946738
4946727
4946716
4946705
4946694
4946683
4946672
4946661
4946650
4946639
4946628
4946617
4946606
4946595
4946584
4946573
4946562
4946551
4946540
4946529
4946518
4946507
4946496
4946485
4946474
4946463
4946452
4946441
4946430
4946419
4946408
4946397
4946386
4946375
4946364
4946353
4946342
4946331
4946320
4946309
4946298
4946287
4946276
4946265
4946254
4946243
4946232
4946221
4946210
4946199
4946188
4946177
4946166
4946155
4946144
4946133
4946122
4946111
4946100
4946089
4946078
4946067
4946056
4946045
4946034
4946023
4946012
4946001
4945990
4945979
4945968
4945957
4945946
4945935
4945924
4945913
4945902
4945891
4945880
4945869
4945858
4945847
4945836
4945825
4945814
4945803
4945792
4945781
4945770
4945759
4945748
4945737
4945726
4945715
4945704
4945693
4945682
4945671
4945660
4945649
4945638
4945627
4945616
4945605
4945594
4945583
4945572
4945561
4945550
4945539
4945528
4945517
4945506
4945495
4945484
4945473
4945462
4945451
4945440
4945429
4945418
4945407
4945396
4945385
4945374
4945363
4945352
4945341
4945330
4945319
4945308
4945297
4945286
4945275
4945264
4945253
4945242
4945231
4945220
4945209
4945198
4945187
4945176
4945165
4945154
4945143
4945132
4945121
4945110
4945099
4945088
4945077
4945066
4945055
4945044
4945033
4945022
4945011
4945000
4944989
4944978
4944967
4944956
4944945
4944934
4944923
4944912
4944901
4944890
4944879
4944868
4944857
4944846
4944835
4944824
4944813
4944802
4944791
4944780
4944769
4944758
4944747
4944736
4944725
4944714
4944703
4944692
4944681
4944670
4944659
4944648
4944637
4944626
4944615
4944604
4944593
4944582
4944571
4944560
4944549
4944538
4944527
4944516
4944505
4944494
4944483
4944472
4944461
4944450
4944439
4944428
4944417
4944406
4944395
4944384
4944373
4944362
4944351
4944340
4944329
4944318
4944307
4944296
4944285
4944274
4944263
4944252
4944241
4944230
4944219
4944208
4944197
4944186
4944175
4944164
4944153
4944142
4944131
4944120
4944109
4944098
4944087
4944076
4944065
4944054
4944043
4944032
4944021
4944010
4943999
4943988
4943977
4943966
4943955
4943944
4943933
4943922
4943911
4943900
4943889
4943878
4943867
4943856
4943845
4943834
4943823
4943812
4943801
4943790
4943779
4943768
4943757
4943746
4943735
4943724
4943713
4943702
4943691
4943680
4943669
4943658
4943647
4943636
4943625
4943614
4943603
4943592
4943581
4943570
4943559
4943548
4943537
4943526
4943515
4943504
4943493
4943482
4943471
4943460
4943449
4943438
4943427
4943416
4943405
4943394
4943383
4943372
4943361
4943350
4943339
4943328
4943317
4943306
4943295
4943284
4943273
4943262
4943251
4943240
4943229
4943218
4943207
4943196
4943185
4943174
4943163
4943152
4943141
4943130
4943119
4943108
4943097
4943086
4943075
4943064
4943053
4943042
4943031
4943020
4943009
4942998
4942987
4942976
4942965
4942954
4942943
4942932
4942921
4942910
4942899
4942888
4942877
4942866
4942855
4942844
4942833
4942822
4942811
4942800
4942789
4942778
4942767
4942756
4942745
4942734
4942723
4942712
4942701
4942690
4942679
4942668
4942657
4942646
4942635
4942624
4942613
4942602
4942591
4942580
4942569
4942558
4942547
4942536
4942525
4942514
4942503
4942492
4942481
4942470
4942459
4942448
4942437
4942426
4942415
4942404
4942393
4942382
4942371
4942360
4942349
4942338
4942327
4942316
4942305
4942294
4942283
4942272
4942261
4942250
4942239
4942228
4942217
4942206
4942195
4942184
4942173
4942162
4942151
4942140
4942129
4942118
4942107
4942096
4942085
4942074
4942063
4942052
4942041
4942030
4942019
4942008
4941997
4941986
4941975
4941964
4941953
4941942
4941931
4941920
4941909
4941898
4941887
4941876
4941865
4941854
4941843
4941832
4941821
4941810
4941799
4941788
4941777
4941766
4941755
4941744
4941733
4941722
4941711
4941700
4941689
4941678
4941667
4941656
4941645
4941634
4941623
4941612
4941601
4941590
4941579
4941568
4941557
4941546
4941535
4941524
4941513
4941502
4941491
4941480
4941469
4941458
4941447
4941436
4941425
4941414
4941403
4941392
4941381
4941370
4941359
4941348
4941337
4941326
4941315
4941304
4941293
4941282
4941271
4941260
4941249
4941238
4941227
4941216
4941205
4941194
4941183
4941172
4941161
4941150
4941139
4941128
4941117
4941106
4941095
4941084
4941073
4941062
4941051
4941040
4941029
4941018
4941007
4940996
4940985
4940974
4940963
4940952
4940941
4940930
4940919
4940908
4940897
4940886
4940875
4940864
4940853
4940842
4940831
4940820
4940809
4940798
4940787
4940776
4940765
4940754
4940743
4940732
4940721
4940710
4940699
4940688
4940677
4940666
4940655
4940644
4940633
4940622
4940611
4940600
4940589
4940578
4940567
4940556
4940545
4940534
4940523
4940512
4940501
4940490
4940479
4940468
4940457
4940446
4940435
4940424
4940413
4940402
4940391
4940380
4940369
4940358
4940347
4940336
4940325
4940314
4940303
4940292
4940281
4940270
4940259
4940248
4940237
4940226
4940215
4940204
4940193
4940182
4940171
4940160
4940149
4940138
4940127
4940116
4940105
4940094
4940083
4940072
4940061
4940050
4940039
4940028
4940017
4940006
4939995
4939984
4939973
4939962
4939951
4939940
4939929
4939918
4939907
4939896
4939885
4939874
4939863
4939852
4939841
4939830
4939819
4939808
4939797
4939786
4939775
4939764
4939753
4939742
4939731
4939720
4939709
4939698
4939687
4939676
4939665
4939654
4939643
4939632
4939621
4939610
4939599
4939588
4939577
4939566
4939555
4939544
4939533
4939522
4939511
4939500
4939489
4939478
4939467
4939456
4939445
4939434
4939423
4939412
4939401
4939390
4939379
4939368
4939357
4939346
4939335
4939324
4939313
4939302
4939291
4939280
4939269
4939258
4939247
4939236
4939225
4939214
4939203
4939192
4939181
4939170
4939159
4939148
4939137
4939126
4939115
4939104
4939093
4939082
4939071
4939060
4939049
4939038
4939027
4939016
4939005
4938994
4938983
4938972
4938961
4938950
4938939
4938928
4938917
4938906
4938895
4938884
4938873
4938862
4938851
4938840
4938829
4938818
4938807
4938796
4938785
4938774
4938763
4938752
4938741
4938730
4938719
4938708
4938697
4938686
4938675
4938664
4938653
4938642
4938631
4938620
4938609
4938598
4938587
4938576
4938565
4938554
4938543
4938532
4938521
4938510
4938499
4938488
4938477
4938466
4938455
4938444
4938433
4938422
4938411
4938400
4938389
4938378
4938367
4938356
4938345
4938334
4938323
4938312
4938301
4938290
4938279
4938268
4938257
4938246
4938235
4938224
4938213
4938202
4938191
4938180
4938169
4938158
4938147
4938136
4938125
4938114
4938103
4938092
4938081
4938070
4938059
4938048
4938037
4938026
4938015
4938004
4937993
4937982
4937971
4937960
4937949
4937938
4937927
4937916
4937905
4937894
4937883
4937872
4937861
4937850
4937839
4937828
4937817
4937806
4937795
4937784
4937773
4937762
4937751
4937740
4937729
4937718
4937707
4937696
4937685
4937674
4937663
4937652
4937641
4937630
4937619
4937608
4937597
4937586
4937575
4937564
4937553
4937542
4937531
4937520
4937509
4937498
4937487
4937476
4937465
4937454
4937443
4937432
4937421
4937410
4937399
4937388
4937377
4937366
4937355
4937344
4937333
4937322
4937311
4937300
4937289
4937278
4937267
4937256
4937245
4937234
4937223
4937212
4937201
4937190
4937179
4937168
4937157
4937146
4937135
4937124
4937113
4937102
4937091
4937080
4937069
4937058
4937047
4937036
4937025
4937014
4937003
4936992
4936981
4936970
4936959
4936948
4936937
4936926
4936915
4936904
4936893
4936882
4936871
4936860
4936849
4936838
4936827
4936816
4936805
4936794
4936783
4936772
4936761
4936750
4936739
4936728
4936717
4936706
4936695
4936684
4936673
4936662
4936651
4936640
4936629
4936618
4936607
4936596
4936585
4936574
4936563
4936552
4936541
4936530
4936519
4936508
4936497
4936486
4936475
4936464
4936453
4936442
4936431
4936420
4936409
4936398
4936387
4936376
4936365
4936354
4936343
4936332
4936321
4936310
4936299
4936288
4936277
4936266
4936255
4936244
4936233
4936222
4936211
4936200
4936189
4936178
4936167
4936156
4936145
4936134
4936123
4936112
4936101
4936090
4936079
4936068
4936057
4936046
4936035
4936024
4936013
4936002
4935991
4935980
4935969
4935958
4935947
4935936
4935925
4935914
4935903
4935892
4935881
4935870
4935859
4935848
4935837
4935826
4935815
4935804
4935793
4935782
4935771
4935760
4935749
4935738
4935727
4935716
4935705
4935694
4935683
4935672
4935661
4935650
4935639
4935628
4935617
4935606
4935595
4935584
4935573
4935562
4935551
4935540
4935529
4935518
4935507
4935496
4935485
4935474
4935463
4935452
4935441
4935430
4935419
4935408
4935397
4935386
4935375
4935364
4935353
4935342
4935331
4935320
4935309
4935298
4935287
4935276
4935265
4935254
4935243
4935232
4935221
4935210
4935199
4935188
4935177
4935166
4935155
4935144
4935133
4935122
4935111
4935100
4935089
4935078
4935067
4935056
4935045
4935034
4935023
4935012
4935001
4934990
4934979
4934968
4934957
4934946
4934935
4934924
4934913
4934902
4934891
4934880
4934869
4934858
4934847
4934836
4934825
4934814
4934803
4934792
4934781
4934770
4934759
4934748
4934737
4934726
4934715
4934704
4934693
4934682
4934671
4934660
4934649
4934638
4934627
4934616
4934605
4934594
4934583
4934572
4934561
4934550
4934539
4934528
4934517
4934506
4934495
4934484
4934473
4934462
4934451
4934440
4934429
4934418
4934407
4934396
4934385
4934374
4934363
4934352
4934341
4934330
4934319
4934308
4934297
4934286
4934275
4934264
4934253
4934242
4934231
4934220
4934209
4934198
4934187
4934176
4934165
4934154
4934143
4934132
4934121
4934110
4934099
4934088
4934077
4934066
4934055
4934044
4934033
4934022
4934011
4934000
4933989
4933978
4933967
4933956
4933945
4933934
4933923
4933912
4933901
4933890
4933879
4933868
4933857
4933846
4933835
4933824
4933813
4933802
4933791
4933780
4933769
4933758
4933747
4933736
4933725
4933714
4933703
4933692
4933681
4933670
4933659
4933648
4933637
4933626
4933615
4933604
4933593
4933582
4933571
4933560
4933549
4933538
4933527
4933516
4933505
4933494
4933483
4933472
4933461
4933450
4933439
4933428
4933417
4933406
4933395
4933384
4933373
4933362
4933351
4933340
4933329
4933318
4933307
4933296
4933285
4933274
4933263
4933252
4933241
4933230
4933219
4933208
4933197
4933186
4933175
4933164
4933153
4933142
4933131
4933120
4933109
4933098
4933087
4933076
4933065
4933054
4933043
4933032
4933021
4933010
4932999
4932988
4932977
4932966
4932955
4932944
4932933
4932922
4932911
4932900
4932889
4932878
4932867
4932856
4932845
4932834
4932823
4932812
4932801
4932790
4932779
4932768
4932757
4932746
4932735
4932724
4932713
4932702
4932691
4932680
4932669
4932658
4932647
4932636
4932625
4932614
4932603
4932592
4932581
4932570
4932559
4932548
4932537
4932526
4932515
4932504
4932493
4932482
4932471
4932460
4932449
4932438
4932427
4932416
4932405
4932394
4932383
4932372
4932361
4932350
4932339
4932328
4932317
4932306
4932295
4932284
4932273
4932262
4932251
4932240
4932229
4932218
4932207
4932196
4932185
4932174
4932163
4932152
4932141
4932130
4932119
4932108
4932097
4932086
4932075
4932064
4932053
4932042
4932031
4932020
4932009
4931998
4931987
4931976
4931965
4931954
4931943
4931932
4931921
4931910
4931899
4931888
4931877
4931866
4931855
4931844
4931833
4931822
4931811
4931800
4931789
4931778
4931767
4931756
4931745
4931734
4931723
4931712
4931701
4931690
4931679
4931668
4931657
4931646
4931635
4931624
4931613
4931602
4931591
4931580
4931569
4931558
4931547
4931536
4931525
4931514
4931503
4931492
4931481
4931470
4931459
4931448
4931437
4931426
4931415
4931404
4931393
4931382
4931371
4931360
4931349
4931338
4931327
4931316
4931305
4931294
4931283
4931272
4931261
4931250
4931239
4931228
4931217
4931206
4931195
4931184
4931173
4931162
4931151
4931140
4931129
4931118
4931107
4931096
4931085
4931074
4931063
4931052
4931041
4931030
4931019
4931008
4930997
4930986
4930975
4930964
4930953
4930942
4930931
4930920
4930909
4930898
4930887
4930876
4930865
4930854
4930843
4930832
4930821
4930810
4930799
4930788
4930777
4930766
4930755
4930744
4930733
4930722
4930711
4930700
4930689
4930678
4930667
4930656
4930645
4930634
4930623
4930612
4930601
4930590
4930579
4930568
4930557
4930546
4930535
4930524
4930513
4930502
4930491
4930480
4930469
4930458
4930447
4930436
4930425
4930414
4930403
4930392
4930381
4930370
4930359
4930348
4930337
4930326
4930315
4930304
4930293
4930282
4930271
4930260
4930249
4930238
4930227
4930216
4930205
4930194
4930183
4930172
4930161
4930150
4930139
4930128
4930117
4930106
4930095
4930084
4930073
4930062
4930051
4930040
4930029
4930018
4930007
4929996
4929985
4929974
4929963
4929952
4929941
4929930
4929919
4929908
4929897
4929886
4929875
4929864
4929853
4929842
4929831
4929820
4929809
4929798
4929787
4929776
4929765
4929754
4929743
4929732
4929721
4929710
4929699
4929688
4929677
4929666
4929655
4929644
4929633
4929622
4929611
4929600
4929589
4929578
4929567
4929556
4929545
4929534
4929523
4929512
4929501
4929490
4929479
4929468
4929457
4929446
4929435
4929424
4929413
4929402
4929391
4929380
4929369
4929358
4929347
4929336
4929325
4929314
4929303
4929292
4929281
4929270
4929259
4929248
4929237
4929226
4929215
4929204
4929193
4929182
4929171
4929160
4929149
4929138
4929127
4929116
4929105
4929094
4929083
4929072
4929061
4929050
4929039
4929028
4929017
4929006
4928995
4928984
4928973
4928962
4928951
4928940
4928929
4928918
4928907
4928896
4928885
4928874
4928863
4928852
4928841
4928830
4928819
4928808
4928797
4928786
4928775
4928764
4928753
4928742
4928731
4928720
4928709
4928698
4928687
4928676
4928665
4928654
4928643
4928632
4928621
4928610
4928599
4928588
4928577
4928566
4928555
4928544
4928533
4928522
4928511
4928500
4928489
4928478
4928467
4928456
4928445
4928434
4928423
4928412
4928401
4928390
4928379
4928368
4928357
4928346
4928335
4928324
4928313
4928302
4928291
4928280
4928269
4928258
4928247
4928236
4928225
4928214
4928203
4928192
4928181
4928170
4928159
4928148
4928137
4928126
4928115
4928104
4928093
4928082
4928071
4928060
4928049
4928038
4928027
4928016
4928005
4927994
4927983
4927972
4927961
4927950
4927939
4927928
4927917
4927906
4927895
4927884
4927873
4927862
4927851
4927840
4927829
4927818
4927807
4927796
4927785
4927774
4927763
4927752
4927741
4927730
4927719
4927708
4927697
4927686
4927675
4927664
4927653
4927642
4927631
4927620
4927609
4927598
4927587
4927576
4927565
4927554
4927543
4927532
4927521
4927510
4927499
4927488
4927477
4927466
4927455
4927444
4927433
4927422
4927411
4927400
4927389
4927378
4927367
4927356
4927345
4927334
4927323
4927312
4927301
4927290
4927279
4927268
4927257
4927246
4927235
4927224
4927213
4927202
4927191
4927180
4927169
4927158
4927147
4927136
4927125
4927114
4927103
4927092
4927081
4927070
4927059
4927048
4927037
4927026
4927015
4927004
4926993
4926982
4926971
4926960
4926949
4926938
4926927
4926916
4926905
4926894
4926883
4926872
4926861
4926850
4926839
4926828
4926817
4926806
4926795
4926784
4926773
4926762
4926751
4926740
4926729
4926718
4926707
4926696
4926685
4926674
4926663
4926652
4926641
4926630
4926619
4926608
4926597
4926586
4926575
4926564
4926553
4926542
4926531
4926520
4926509
4926498
4926487
4926476
4926465
4926454
4926443
4926432
4926421
4926410
4926399
4926388
4926377
4926366
4926355
4926344
4926333
4926322
4926311
4926300
4926289
4926278
4926267
4926256
4926245
4926234
4926223
4926212
4926201
4926190
4926179
4926168
4926157
4926146
4926135
4926124
4926113
4926102
4926091
4926080
4926069
4926058
4926047
4926036
4926025
4926014
4926003
4925992
4925981
4925970
4925959
4925948
4925937
4925926
4925915
4925904
4925893
4925882
4925871
4925860
4925849
4925838
4925827
4925816
4925805
4925794
4925783
4925772
4925761
4925750
4925739
4925728
4925717
4925706
4925695
4925684
4925673
4925662
4925651
4925640
4925629
4925618
4925607
4925596
4925585
4925574
4925563
4925552
4925541
4925530
4925519
4925508
4925497
4925486
4925475
4925464
4925453
4925442
4925431
4925420
4925409
4925398
4925387
4925376
4925365
4925354
4925343
4925332
4925321
4925310
4925299
4925288
4925277
4925266
4925255
4925244
4925233
4925222
4925211
4925200
4925189
4925178
4925167
4925156
4925145
4925134
4925123
4925112
4925101
4925090
4925079
4925068
4925057
4925046
4925035
4925024
4925013
4925002
4924991
4924980
4924969
4924958
4924947
4924936
4924925
4924914
4924903
4924892
4924881
4924870
4924859
4924848
4924837
4924826
4924815
4924804
4924793
4924782
4924771
4924760
4924749
4924738
4924727
4924716
4924705
4924694
4924683
4924672
4924661
4924650
4924639
4924628
4924617
4924606
4924595
4924584
4924573
4924562
4924551
4924540
4924529
4924518
4924507
4924496
4924485
4924474
4924463
4924452
4924441
4924430
4924419
4924408
4924397
4924386
4924375
4924364
4924353
4924342
4924331
4924320
4924309
4924298
4924287
4924276
4924265
4924254
4924243
4924232
4924221
4924210
4924199
4924188
4924177
4924166
4924155
4924144
4924133
4924122
4924111
4924100
4924089
4924078
4924067
4924056
4924045
4924034
4924023
4924012
4924001
4923990
4923979
4923968
4923957
4923946
4923935
4923924
4923913
4923902
4923891
4923880
4923869
4923858
4923847
4923836
4923825
4923814
4923803
4923792
4923781
4923770
4923759
4923748
4923737
4923726
4923715
4923704
4923693
4923682
4923671
4923660
4923649
4923638
4923627
4923616
4923605
4923594
4923583
4923572
4923561
4923550
4923539
4923528
4923517
4923506
4923495
4923484
4923473
4923462
4923451
4923440
4923429
4923418
4923407
4923396
4923385
4923374
4923363
4923352
4923341
4923330
4923319
4923308
4923297
4923286
4923275
4923264
4923253
4923242
4923231
4923220
4923209
4923198
4923187
4923176
4923165
4923154
4923143
4923132
4923121
4923110
4923099
4923088
4923077
4923066
4923055
4923044
4923033
4923022
4923011
4923000
4922989
4922978
4922967
4922956
4922945
4922934
4922923
4922912
4922901
4922890
4922879
4922868
4922857
4922846
4922835
4922824
4922813
4922802
4922791
4922780
4922769
4922758
4922747
4922736
4922725
4922714
4922703
4922692
4922681
4922670
4922659
4922648
4922637
4922626
4922615
4922604
4922593
4922582
4922571
4922560
4922549
4922538
4922527
4922516
4922505
4922494
4922483
4922472
4922461
4922450
4922439
4922428
4922417
4922406
4922395
4922384
4922373
4922362
4922351
4922340
4922329
4922318
4922307
4922296
4922285
4922274
4922263
4922252
4922241
4922230
4922219
4922208
4922197
4922186
4922175
4922164
4922153
4922142
4922131
4922120
4922109
4922098
4922087
4922076
4922065
4922054
4922043
4922032
4922021
4922010
4921999
4921988
4921977
4921966
4921955
4921944
4921933
4921922
4921911
4921900
4921889
4921878
4921867
4921856
4921845
4921834
4921823
4921812
4921801
4921790
4921779
4921768
4921757
4921746
4921735
4921724
4921713
4921702
4921691
4921680
4921669
4921658
4921647
4921636
4921625
4921614
4921603
4921592
4921581
4921570
4921559
4921548
4921537
4921526
4921515
4921504
4921493
4921482
4921471
4921460
4921449
4921438
4921427
4921416
4921405
4921394
4921383
4921372
4921361
4921350
4921339
4921328
4921317
4921306
4921295
4921284
4921273
4921262
4921251
4921240
4921229
4921218
4921207
4921196
4921185
4921174
4921163
4921152
4921141
4921130
4921119
4921108
4921097
4921086
4921075
4921064
4921053
4921042
4921031
4921020
4921009
4920998
4920987
4920976
4920965
4920954
4920943
4920932
4920921
4920910
4920899
4920888
4920877
4920866
4920855
4920844
4920833
4920822
4920811
4920800
4920789
4920778
4920767
4920756
4920745
4920734
4920723
4920712
4920701
4920690
4920679
4920668
4920657
4920646
4920635
4920624
4920613
4920602
4920591
4920580
4920569
4920558
4920547
4920536
4920525
4920514
4920503
4920492
4920481
4920470
4920459
4920448
4920437
4920426
4920415
4920404
4920393
4920382
4920371
4920360
4920349
4920338
4920327
4920316
4920305
4920294
4920283
4920272
4920261
4920250
4920239
4920228
4920217
4920206
4920195
4920184
4920173
4920162
4920151
4920140
4920129
4920118
4920107
4920096
4920085
4920074
4920063
4920052
4920041
4920030
4920019
4920008
4919997
4919986
4919975
4919964
4919953
4919942
4919931
4919920
4919909
4919898
4919887
4919876
4919865
4919854
4919843
4919832
4919821
4919810
4919799
4919788
4919777
4919766
4919755
4919744
4919733
4919722
4919711
4919700
4919689
4919678
4919667
4919656
4919645
4919634
4919623
4919612
4919601
4919590
4919579
4919568
4919557
4919546
4919535
4919524
4919513
4919502
4919491
4919480
4919469
4919458
4919447
4919436
4919425
4919414
4919403
4919392
4919381
4919370
4919359
4919348
4919337
4919326
4919315
4919304
4919293
4919282
4919271
4919260
4919249
4919238
4919227
4919216
4919205
4919194
4919183
4919172
4919161
4919150
4919139
4919128
4919117
4919106
4919095
4919084
4919073
4919062
4919051
4919040
4919029
4919018
4919007
4918996
4918985
4918974
4918963
4918952
4918941
4918930
4918919
4918908
4918897
4918886
4918875
4918864
4918853
4918842
4918831
4918820
4918809
4918798
4918787
4918776
4918765
4918754
4918743
4918732
4918721
4918710
4918699
4918688
4918677
4918666
4918655
4918644
4918633
4918622
4918611
4918600
4918589
4918578
4918567
4918556
4918545
4918534
4918523
4918512
4918501
4918490
4918479
4918468
4918457
4918446
4918435
4918424
4918413
4918402
4918391
4918380
4918369
4918358
4918347
4918336
4918325
4918314
4918303
4918292
4918281
4918270
4918259
4918248
4918237
4918226
4918215
4918204
4918193
4918182
4918171
4918160
4918149
4918138
4918127
4918116
4918105
4918094
4918083
4918072
4918061
4918050
4918039
4918028
4918017
4918006
4917995
4917984
4917973
4917962
4917951
4917940
4917929
4917918
4917907
4917896
4917885
4917874
4917863
4917852
4917841
4917830
4917819
4917808
4917797
4917786
4917775
4917764
4917753
4917742
4917731
4917720
4917709
4917698
4917687
4917676
4917665
4917654
4917643
4917632
4917621
4917610
4917599
4917588
4917577
4917566
4917555
4917544
4917533
4917522
4917511
4917500
4917489
4917478
4917467
4917456
4917445
4917434
4917423
4917412
4917401
4917390
4917379
4917368
4917357
4917346
4917335
4917324
4917313
4917302
4917291
4917280
4917269
4917258
4917247
4917236
4917225
4917214
4917203
4917192
4917181
4917170
4917159
4917148
4917137
4917126
4917115
4917104
4917093
4917082
4917071
4917060
4917049
4917038
4917027
4917016
4917005
4916994
4916983
4916972
4916961
4916950
4916939
4916928
4916917
4916906
4916895
4916884
4916873
4916862
4916851
4916840
4916829
4916818
4916807
4916796
4916785
4916774
4916763
4916752
4916741
4916730
4916719
4916708
4916697
4916686
4916675
4916664
4916653
4916642
4916631
4916620
4916609
4916598
4916587
4916576
4916565
4916554
4916543
4916532
4916521
4916510
4916499
4916488
4916477
4916466
4916455
4916444
4916433
4916422
4916411
4916400
4916389
4916378
4916367
4916356
4916345
4916334
4916323
4916312
4916301
4916290
4916279
4916268
4916257
4916246
4916235
4916224
4916213
4916202
4916191
4916180
4916169
4916158
4916147
4916136
4916125
4916114
4916103
4916092
4916081
4916070
4916059
4916048
4916037
4916026
4916015
4916004
4915993
4915982
4915971
4915960
4915949
4915938
4915927
4915916
4915905
4915894
4915883
4915872
4915861
4915850
4915839
4915828
4915817
4915806
4915795
4915784
4915773
4915762
4915751
4915740
4915729
4915718
4915707
4915696
4915685
4915674
4915663
4915652
4915641
4915630
4915619
4915608
4915597
4915586
4915575
4915564
4915553
4915542
4915531
4915520
4915509
4915498
4915487
4915476
4915465
4915454
4915443
4915432
4915421
4915410
4915399
4915388
4915377
4915366
4915355
4915344
4915333
4915322
4915311
4915300
4915289
4915278
4915267
4915256
4915245
4915234
4915223
4915212
4915201
4915190
4915179
4915168
4915157
4915146
4915135
4915124
4915113
4915102
4915091
4915080
4915069
4915058
4915047
4915036
4915025
4915014
4915003
4914992
4914981
4914970
4914959
4914948
4914937
4914926
4914915
4914904
4914893
4914882
4914871
4914860
4914849
4914838
4914827
4914816
4914805
4914794
4914783
4914772
4914761
4914750
4914739
4914728
4914717
4914706
4914695
4914684
4914673
4914662
4914651
4914640
4914629
4914618
4914607
4914596
4914585
4914574
4914563
4914552
4914541
4914530
4914519
4914508
4914497
4914486
4914475
4914464
4914453
4914442
4914431
4914420
4914409
4914398
4914387
4914376
4914365
4914354
4914343
4914332
4914321
4914310
4914299
4914288
4914277
4914266
4914255
4914244
4914233
4914222
4914211
4914200
4914189
4914178
4914167
4914156
4914145
4914134
4914123
4914112
4914101
4914090
4914079
4914068
4914057
4914046
4914035
4914024
4914013
4914002
4913991
4913980
4913969
4913958
4913947
4913936
4913925
4913914
4913903
4913892
4913881
4913870
4913859
4913848
4913837
4913826
4913815
4913804
4913793
4913782
4913771
4913760
4913749
4913738
4913727
4913716
4913705
4913694
4913683
4913672
4913661
4913650
4913639
4913628
4913617
4913606
4913595
4913584
4913573
4913562
4913551
4913540
4913529
4913518
4913507
4913496
4913485
4913474
4913463
4913452
4913441
4913430
4913419
4913408
4913397
4913386
4913375
4913364
4913353
4913342
4913331
4913320
4913309
4913298
4913287
4913276
4913265
4913254
4913243
4913232
4913221
4913210
4913199
4913188
4913177
4913166
4913155
4913144
4913133
4913122
4913111
4913100
4913089
4913078
4913067
4913056
4913045
4913034
4913023
4913012
4913001
4912990
4912979
4912968
4912957
4912946
4912935
4912924
4912913
4912902
4912891
4912880
4912869
4912858
4912847
4912836
4912825
4912814
4912803
4912792
4912781
4912770
4912759
4912748
4912737
4912726
4912715
4912704
4912693
4912682
4912671
4912660
4912649
4912638
4912627
4912616
4912605
4912594
4912583
4912572
4912561
4912550
4912539
4912528
4912517
4912506
4912495
4912484
4912473
4912462
4912451
4912440
4912429
4912418
4912407
4912396
4912385
4912374
4912363
4912352
4912341
4912330
4912319
4912308
4912297
4912286
4912275
4912264
4912253
4912242
4912231
4912220
4912209
4912198
4912187
4912176
4912165
4912154
4912143
4912132
4912121
4912110
4912099
4912088
4912077
4912066
4912055
4912044
4912033
4912022
4912011
4912000
4911989
4911978
4911967
4911956
4911945
4911934
4911923
4911912
4911901
4911890
4911879
4911868
4911857
4911846
4911835
4911824
4911813
4911802
4911791
4911780
4911769
4911758
4911747
4911736
4911725
4911714
4911703
4911692
4911681
4911670
4911659
4911648
4911637
4911626
4911615
4911604
4911593
4911582
4911571
4911560
4911549
4911538
4911527
4911516
4911505
4911494
4911483
4911472
4911461
4911450
4911439
4911428
4911417
4911406
4911395
4911384
4911373
4911362
4911351
4911340
4911329
4911318
4911307
4911296
4911285
4911274
4911263
4911252
4911241
4911230
4911219
4911208
4911197
4911186
4911175
4911164
4911153
4911142
4911131
4911120
4911109
4911098
4911087
4911076
4911065
4911054
4911043
4911032
4911021
4911010
4910999
4910988
4910977
4910966
4910955
4910944
4910933
4910922
4910911
4910900
4910889
4910878
4910867
4910856
4910845
4910834
4910823
4910812
4910801
4910790
4910779
4910768
4910757
4910746
4910735
4910724
4910713
4910702
4910691
4910680
4910669
4910658
4910647
4910636
4910625
4910614
4910603
4910592
4910581
4910570
4910559
4910548
4910537
4910526
4910515
4910504
4910493
4910482
4910471
4910460
4910449
4910438
4910427
4910416
4910405
4910394
4910383
4910372
4910361
4910350
4910339
4910328
4910317
4910306
4910295
4910284
4910273
4910262
4910251
4910240
4910229
4910218
4910207
4910196
4910185
4910174
4910163
4910152
4910141
4910130
4910119
4910108
4910097
4910086
4910075
4910064
4910053
4910042
4910031
4910020
4910009
4909998
4909987
4909976
4909965
4909954
4909943
4909932
4909921
4909910
4909899
4909888
4909877
4909866
4909855
4909844
4909833
4909822
4909811
4909800
4909789
4909778
4909767
4909756
4909745
4909734
4909723
4909712
4909701
4909690
4909679
4909668
4909657
4909646
4909635
4909624
4909613
4909602
4909591
4909580
4909569
4909558
4909547
4909536
4909525
4909514
4909503
4909492
4909481
4909470
4909459
4909448
4909437
4909426
4909415
4909404
4909393
4909382
4909371
4909360
4909349
4909338
4909327
4909316
4909305
4909294
4909283
4909272
4909261
4909250
4909239
4909228
4909217
4909206
4909195
4909184
4909173
4909162
4909151
4909140
4909129
4909118
4909107
4909096
4909085
4909074
4909063
4909052
4909041
4909030
4909019
4909008
4908997
4908986
4908975
4908964
4908953
4908942
4908931
4908920
4908909
4908898
4908887
4908876
4908865
4908854
4908843
4908832
4908821
4908810
4908799
4908788
4908777
4908766
4908755
4908744
4908733
4908722
4908711
4908700
4908689
4908678
4908667
4908656
4908645
4908634
4908623
4908612
4908601
4908590
4908579
4908568
4908557
4908546
4908535
4908524
4908513
4908502
4908491
4908480
4908469
4908458
4908447
4908436
4908425
4908414
4908403
4908392
4908381
4908370
4908359
4908348
4908337
4908326
4908315
4908304
4908293
4908282
4908271
4908260
4908249
4908238
4908227
4908216
4908205
4908194
4908183
4908172
4908161
4908150
4908139
4908128
4908117
4908106
4908095
4908084
4908073
4908062
4908051
4908040
4908029
4908018
4908007
4907996
4907985
4907974
4907963
4907952
4907941
4907930
4907919
4907908
4907897
4907886
4907875
4907864
4907853
4907842
4907831
4907820
4907809
4907798
4907787
4907776
4907765
4907754
4907743
4907732
4907721
4907710
4907699
4907688
4907677
4907666
4907655
4907644
4907633
4907622
4907611
4907600
4907589
4907578
4907567
4907556
4907545
4907534
4907523
4907512
4907501
4907490
4907479
4907468
4907457
4907446
4907435
4907424
4907413
4907402
4907391
4907380
4907369
4907358
4907347
4907336
4907325
4907314
4907303
4907292
4907281
4907270
4907259
4907248
4907237
4907226
4907215
4907204
4907193
4907182
4907171
4907160
4907149
4907138
4907127
4907116
4907105
4907094
4907083
4907072
4907061
4907050
4907039
4907028
4907017
4907006
4906995
4906984
4906973
4906962
4906951
4906940
4906929
4906918
4906907
4906896
4906885
4906874
4906863
4906852
4906841
4906830
4906819
4906808
4906797
4906786
4906775
4906764
4906753
4906742
4906731
4906720
4906709
4906698
4906687
4906676
4906665
4906654
4906643
4906632
4906621
4906610
4906599
4906588
4906577
4906566
4906555
4906544
4906533
4906522
4906511
4906500
4906489
4906478
4906467
4906456
4906445
4906434
4906423
4906412
4906401
4906390
4906379
4906368
4906357
4906346
4906335
4906324
4906313
4906302
4906291
4906280
4906269
4906258
4906247
4906236
4906225
4906214
4906203
4906192
4906181
4906170
4906159
4906148
4906137
4906126
4906115
4906104
4906093
4906082
4906071
4906060
4906049
4906038
4906027
4906016
4906005
4905994
4905983
4905972
4905961
4905950
4905939
4905928
4905917
4905906
4905895
4905884
4905873
4905862
4905851
4905840
4905829
4905818
4905807
4905796
4905785
4905774
4905763
4905752
4905741
4905730
4905719
4905708
4905697
4905686
4905675
4905664
4905653
4905642
4905631
4905620
4905609
4905598
4905587
4905576
4905565
4905554
4905543
4905532
4905521
4905510
4905499
4905488
4905477
4905466
4905455
4905444
4905433
4905422
4905411
4905400
4905389
4905378
4905367
4905356
4905345
4905334
4905323
4905312
4905301
4905290
4905279
4905268
4905257
4905246
4905235
4905224
4905213
4905202
4905191
4905180
4905169
4905158
4905147
4905136
4905125
4905114
4905103
4905092
4905081
4905070
4905059
4905048
4905037
4905026
4905015
4905004
4904993
4904982
4904971
4904960
4904949
4904938
4904927
4904916
4904905
4904894
4904883
4904872
4904861
4904850
4904839
4904828
4904817
4904806
4904795
4904784
4904773
4904762
4904751
4904740
4904729
4904718
4904707
4904696
4904685
4904674
4904663
4904652
4904641
4904630
4904619
4904608
4904597
4904586
4904575
4904564
4904553
4904542
4904531
4904520
4904509
4904498
4904487
4904476
4904465
4904454
4904443
4904432
4904421
4904410
4904399
4904388
4904377
4904366
4904355
4904344
4904333
4904322
4904311
4904300
4904289
4904278
4904267
4904256
4904245
4904234
4904223
4904212
4904201
4904190
4904179
4904168
4904157
4904146
4904135
4904124
4904113
4904102
4904091
4904080
4904069
4904058
4904047
4904036
4904025
4904014
4904003
4903992
4903981
4903970
4903959
4903948
4903937
4903926
4903915
4903904
4903893
4903882
4903871
4903860
4903849
4903838
4903827
4903816
4903805
4903794
4903783
4903772
4903761
4903750
4903739
4903728
4903717
4903706
4903695
4903684
4903673
4903662
4903651
4903640
4903629
4903618
4903607
4903596
4903585
4903574
4903563
4903552
4903541
4903530
4903519
4903508
4903497
4903486
4903475
4903464
4903453
4903442
4903431
4903420
4903409
4903398
4903387
4903376
4903365
4903354
4903343
4903332
4903321
4903310
4903299
4903288
4903277
4903266
4903255
4903244
4903233
4903222
4903211
4903200
4903189
4903178
4903167
4903156
4903145
4903134
4903123
4903112
4903101
4903090
4903079
4903068
4903057
4903046
4903035
4903024
4903013
4903002
4902991
4902980
4902969
4902958
4902947
4902936
4902925
4902914
4902903
4902892
4902881
4902870
4902859
4902848
4902837
4902826
4902815
4902804
4902793
4902782
4902771
4902760
4902749
4902738
4902727
4902716
4902705
4902694
4902683
4902672
4902661
4902650
4902639
4902628
4902617
4902606
4902595
4902584
4902573
4902562
4902551
4902540
4902529
4902518
4902507
4902496
4902485
4902474
4902463
4902452
4902441
4902430
4902419
4902408
4902397
4902386
4902375
4902364
4902353
4902342
4902331
4902320
4902309
4902298
4902287
4902276
4902265
4902254
4902243
4902232
4902221
4902210
4902199
4902188
4902177
4902166
4902155
4902144
4902133
4902122
4902111
4902100
4902089
4902078
4902067
4902056
4902045
4902034
4902023
4902012
4902001
4901990
4901979
4901968
4901957
4901946
4901935
4901924
4901913
4901902
4901891
4901880
4901869
4901858
4901847
4901836
4901825
4901814
4901803
4901792
4901781
4901770
4901759
4901748
4901737
4901726
4901715
4901704
4901693
4901682
4901671
4901660
4901649
4901638
4901627
4901616
4901605
4901594
4901583
4901572
4901561
4901550
4901539
4901528
4901517
4901506
4901495
4901484
4901473
4901462
4901451
4901440
4901429
4901418
4901407
4901396
4901385
4901374
4901363
4901352
4901341
4901330
4901319
4901308
4901297
4901286
4901275
4901264
4901253
4901242
4901231
4901220
4901209
4901198
4901187
4901176
4901165
4901154
4901143
4901132
4901121
4901110
4901099
4901088
4901077
4901066
4901055
4901044
4901033
4901022
4901011
4901000
4900989
4900978
4900967
4900956
4900945
4900934
4900923
4900912
4900901
4900890
4900879
4900868
4900857
4900846
4900835
4900824
4900813
4900802
4900791
4900780
4900769
4900758
4900747
4900736
4900725
4900714
4900703
4900692
4900681
4900670
4900659
4900648
4900637
4900626
4900615
4900604
4900593
4900582
4900571
4900560
4900549
4900538
4900527
4900516
4900505
4900494
4900483
4900472
4900461
4900450
4900439
4900428
4900417
4900406
4900395
4900384
4900373
4900362
4900351
4900340
4900329
4900318
4900307
4900296
4900285
4900274
4900263
4900252
4900241
4900230
4900219
4900208
4900197
4900186
4900175
4900164
4900153
4900142
4900131
4900120
4900109
4900098
4900087
4900076
4900065
4900054
4900043
4900032
4900021
4900010
4899999
4899988
4899977
4899966
4899955
4899944
4899933
4899922
4899911
4899900
4899889
4899878
4899867
4899856
4899845
4899834
4899823
4899812
4899801
4899790
4899779
4899768
4899757
4899746
4899735
4899724
4899713
4899702
4899691
4899680
4899669
4899658
4899647
4899636
4899625
4899614
4899603
4899592
4899581
4899570
4899559
4899548
4899537
4899526
4899515
4899504
4899493
4899482
4899471
4899460
4899449
4899438
4899427
4899416
4899405
4899394
4899383
4899372
4899361
4899350
4899339
4899328
4899317
4899306
4899295
4899284
4899273
4899262
4899251
4899240
4899229
4899218
4899207
4899196
4899185
4899174
4899163
4899152
4899141
4899130
4899119
4899108
4899097
4899086
4899075
4899064
4899053
4899042
4899031
4899020
4899009
4898998
4898987
4898976
4898965
4898954
4898943
4898932
4898921
4898910
4898899
4898888
4898877
4898866
4898855
4898844
4898833
4898822
4898811
4898800
4898789
4898778
4898767
4898756
4898745
4898734
4898723
4898712
4898701
4898690
4898679
4898668
4898657
4898646
4898635
4898624
4898613
4898602
4898591
4898580
4898569
4898558
4898547
4898536
4898525
4898514
4898503
4898492
4898481
4898470
4898459
4898448
4898437
4898426
4898415
4898404
4898393
4898382
4898371
4898360
4898349
4898338
4898327
4898316
4898305
4898294
4898283
4898272
4898261
4898250
4898239
4898228
4898217
4898206
4898195
4898184
4898173
4898162
4898151
4898140
4898129
4898118
4898107
4898096
4898085
4898074
4898063
4898052
4898041
4898030
4898019
4898008
4897997
4897986
4897975
4897964
4897953
4897942
4897931
4897920
4897909
4897898
4897887
4897876
4897865
4897854
4897843
4897832
4897821
4897810
4897799
4897788
4897777
4897766
4897755
4897744
4897733
4897722
4897711
4897700
4897689
4897678
4897667
4897656
4897645
4897634
4897623
4897612
4897601
4897590
4897579
4897568
4897557
4897546
4897535
4897524
4897513
4897502
4897491
4897480
4897469
4897458
4897447
4897436
4897425
4897414
4897403
4897392
4897381
4897370
4897359
4897348
4897337
4897326
4897315
4897304
4897293
4897282
4897271
4897260
4897249
4897238
4897227
4897216
4897205
4897194
4897183
4897172
4897161
4897150
4897139
4897128
4897117
4897106
4897095
4897084
4897073
4897062
4897051
4897040
4897029
4897018
4897007
4896996
4896985
4896974
4896963
4896952
4896941
4896930
4896919
4896908
4896897
4896886
4896875
4896864
4896853
4896842
4896831
4896820
4896809
4896798
4896787
4896776
4896765
4896754
4896743
4896732
4896721
4896710
4896699
4896688
4896677
4896666
4896655
4896644
4896633
4896622
4896611
4896600
4896589
4896578
4896567
4896556
4896545
4896534
4896523
4896512
4896501
4896490
4896479
4896468
4896457
4896446
4896435
4896424
4896413
4896402
4896391
4896380
4896369
4896358
4896347
4896336
4896325
4896314
4896303
4896292
4896281
4896270
4896259
4896248
4896237
4896226
4896215
4896204
4896193
4896182
4896171
4896160
4896149
4896138
4896127
4896116
4896105
4896094
4896083
4896072
4896061
4896050
4896039
4896028
4896017
4896006
4895995
4895984
4895973
4895962
4895951
4895940
4895929
4895918
4895907
4895896
4895885
4895874
4895863
4895852
4895841
4895830
4895819
4895808
4895797
4895786
4895775
4895764
4895753
4895742
4895731
4895720
4895709
4895698
4895687
4895676
4895665
4895654
4895643
4895632
4895621
4895610
4895599
4895588
4895577
4895566
4895555
4895544
4895533
4895522
4895511
4895500
4895489
4895478
4895467
4895456
4895445
4895434
4895423
4895412
4895401
4895390
4895379
4895368
4895357
4895346
4895335
4895324
4895313
4895302
4895291
4895280
4895269
4895258
4895247
4895236
4895225
4895214
4895203
4895192
4895181
4895170
4895159
4895148
4895137
4895126
4895115
4895104
4895093
4895082
4895071
4895060
4895049
4895038
4895027
4895016
4895005
4894994
4894983
4894972
4894961
4894950
4894939
4894928
4894917
4894906
4894895
4894884
4894873
4894862
4894851
4894840
4894829
4894818
4894807
4894796
4894785
4894774
4894763
4894752
4894741
4894730
4894719
4894708
4894697
4894686
4894675
4894664
4894653
4894642
4894631
4894620
4894609
4894598
4894587
4894576
4894565
4894554
4894543
4894532
4894521
4894510
4894499
4894488
4894477
4894466
4894455
4894444
4894433
4894422
4894411
4894400
4894389
4894378
4894367
4894356
4894345
4894334
4894323
4894312
4894301
4894290
4894279
4894268
4894257
4894246
4894235
4894224
4894213
4894202
4894191
4894180
4894169
4894158
4894147
4894136
4894125
4894114
4894103
4894092
4894081
4894070
4894059
4894048
4894037
4894026
4894015
4894004
4893993
4893982
4893971
4893960
4893949
4893938
4893927
4893916
4893905
4893894
4893883
4893872
4893861
4893850
4893839
4893828
4893817
4893806
4893795
4893784
4893773
4893762
4893751
4893740
4893729
4893718
4893707
4893696
4893685
4893674
4893663
4893652
4893641
4893630
4893619
4893608
4893597
4893586
4893575
4893564
4893553
4893542
4893531
4893520
4893509
4893498
4893487
4893476
4893465
4893454
4893443
4893432
4893421
4893410
4893399
4893388
4893377
4893366
4893355
4893344
4893333
4893322
4893311
4893300
4893289
4893278
4893267
4893256
4893245
4893234
4893223
4893212
4893201
4893190
4893179
4893168
4893157
4893146
4893135
4893124
4893113
4893102
4893091
4893080
4893069
4893058
4893047
4893036
4893025
4893014
4893003
4892992
4892981
4892970
4892959
4892948
4892937
4892926
4892915
4892904
4892893
4892882
4892871
4892860
4892849
4892838
4892827
4892816
4892805
4892794
4892783
4892772
4892761
4892750
4892739
4892728
4892717
4892706
4892695
4892684
4892673
4892662
4892651
4892640
4892629
4892618
4892607
4892596
4892585
4892574
4892563
4892552
4892541
4892530
4892519
4892508
4892497
4892486
4892475
4892464
4892453
4892442
4892431
4892420
4892409
4892398
4892387
4892376
4892365
4892354
4892343
4892332
4892321
4892310
4892299
4892288
4892277
4892266
4892255
4892244
4892233
4892222
4892211
4892200
4892189
4892178
4892167
4892156
4892145
4892134
4892123
4892112
4892101
4892090
4892079
4892068
4892057
4892046
4892035
4892024
4892013
4892002
4891991
4891980
4891969
4891958
4891947
4891936
4891925
4891914
4891903
4891892
4891881
4891870
4891859
4891848
4891837
4891826
4891815
4891804
4891793
4891782
4891771
4891760
4891749
4891738
4891727
4891716
4891705
4891694
4891683
4891672
4891661
4891650
4891639
4891628
4891617
4891606
4891595
4891584
4891573
4891562
4891551
4891540
4891529
4891518
4891507
4891496
4891485
4891474
4891463
4891452
4891441
4891430
4891419
4891408
4891397
4891386
4891375
4891364
4891353
4891342
4891331
4891320
4891309
4891298
4891287
4891276
4891265
4891254
4891243
4891232
4891221
4891210
4891199
4891188
4891177
4891166
4891155
4891144
4891133
4891122
4891111
4891100
4891089
4891078
4891067
4891056
4891045
4891034
4891023
4891012
4891001
4890990
4890979
4890968
4890957
4890946
4890935
4890924
4890913
4890902
4890891
4890880
4890869
4890858
4890847
4890836
4890825
4890814
4890803
4890792
4890781
4890770
4890759
4890748
4890737
4890726
4890715
4890704
4890693
4890682
4890671
4890660
4890649
4890638
4890627
4890616
4890605
4890594
4890583
4890572
4890561
4890550
4890539
4890528
4890517
4890506
4890495
4890484
4890473
4890462
4890451
4890440
4890429
4890418
4890407
4890396
4890385
4890374
4890363
4890352
4890341
4890330
4890319
4890308
4890297
4890286
4890275
4890264
4890253
4890242
4890231
4890220
4890209
4890198
4890187
4890176
4890165
4890154
4890143
4890132
4890121
4890110
4890099
4890088
4890077
4890066
4890055
4890044
4890033
4890022
4890011